p_val	avg_log2FC	pct.1	pct.2	p_val_adj	cluster	gene
0	3.3493194685964	0.504	0.104	0	c5	FOSB
0	3.35436292856076	0.751	0.402	0	c5	CCL4
0	2.99164976181024	0.516	0.172	0	c5	NR4A2
0	2.50036191779232	0.568	0.234	0	c5	DUSP1
0	3.15999607357804	0.425	0.119	0	c5	FOS
0	2.39025843012929	0.65	0.352	0	c5	CD69
0	3.9223248095918	0.339	0.045	0	c5	ATF3
0	2.28307439826385	0.655	0.366	0	c5	RGS1
0	1.64326596481231	0.707	0.419	0	c5	CRTAM
0	4.08515652730473	0.405	0.118	0	c5	CCL4L2
0	3.42943894790518	0.656	0.384	0	c5	DNAJB1
0	1.51554692313832	0.61	0.346	0	c5	TAGAP
0	4.78883688509183	0.352	0.089	0	c5	HSPA1B
0	2.49990931967804	0.478	0.22	0	c5	GADD45B
0	2.52387211575815	0.488	0.231	0	c5	IFNG
0	1.82048938070273	0.431	0.18	0	c5	PER1
0	1.85977777374668	0.87	0.625	0	c5	DNAJA1
0	3.85817641605964	0.292	0.048	0	c5	NR4A1
0	1.73576088358075	0.464	0.24	0	c5	NFKBIZ
0	2.13742150019155	0.704	0.48	0	c5	HSPH1
0	1.37068574029259	0.522	0.304	0	c5	IFRD1
0	1.19832272266313	0.711	0.493	0	c5	REL
0	4.28808930317255	0.438	0.232	0	c5	HSPA1A
0	1.7149719316072	0.797	0.594	0	c5	JUN
0	1.38894818333492	0.586	0.383	0	c5	RHOH
0	1.9545117475763	0.353	0.154	0	c5	RGS2
0	1.16692247065835	0.711	0.512	0	c5	RSRC2
0	1.82295510924689	0.348	0.151	0	c5	NEDD9
0	1.11249331736804	0.678	0.485	0	c5	RNF19A
0	1.42038762692596	0.87	0.679	0	c5	PPP1R15A
0	3.12429256973143	0.279	0.092	0	c5	BAG3
0	1.31229211917731	0.672	0.487	0	c5	NEU1
0	2.00385786484288	0.283	0.1	0	c5	MYLIP
0	2.01605313566972	0.299	0.117	0	c5	RASGEF1B
0	1.02650944071042	0.73	0.55	0	c5	STK17B
0	2.25823127000623	0.252	0.078	0	c5	NR4A3
0	1.30581985789511	0.711	0.537	0	c5	ZFP36L1
0	1.05887585771752	0.727	0.554	0	c5	ELF1
0	1.16313896331581	0.751	0.586	0	c5	DNAJB6
0	3.10218171366637	0.209	0.044	0	c5	TNFSF9
0	1.63364433266466	0.912	0.753	0	c5	TNFAIP3
0	1.73912943913887	0.843	0.686	0	c5	NFKBIA
0	1.11367389243879	0.819	0.671	0	c5	YPEL5
0	1.29622904196572	0.814	0.689	0	c5	JUNB
0	1.65818743743839	0.944	0.824	0	c5	KLF6
0	1.21639109530907	0.855	0.739	0	c5	RGCC
0	1.01411926994815	0.822	0.715	0	c5	BRD2
0	1.0139447643418	0.873	0.774	0	c5	SRSF7
0	3.95492904074182	0.103	0.011	0	c5	EGR1
0	0.94391578917057	0.907	0.818	0	c5	DUSP4
0	6.53405729270053	0.094	0.005	0	c5	HSPA6
0	0.889364267544384	0.929	0.862	0	c5	PNRC1
0	1.62047893112674	0.946	0.887	0	c5	TSC22D3
0	2.04928414585161	0.941	0.909	0	c5	HSP90AA1
0	1.24594548984935	0.964	0.939	0	c5	HSPA8
0	0.740093162299446	0.999	0.994	0	c5	EIF1
0	0.933251558487719	0.996	0.994	0	c5	H3F3B
1.82818851863098e-303	2.10924193127068	0.319	0.13	6.13137865378457e-299	c5	CCL3
5.15210130138902e-299	1.12798348406576	0.633	0.444	1.72791173445985e-294	c5	CCNL1
1.71644129254269e-298	0.713967931304913	0.966	0.934	5.75660080692967e-294	c5	BTG1
7.10540329872053e-289	1.93546728028756	0.396	0.198	2.38301015832489e-284	c5	ZFAND2A
3.41739035426377e-287	1.31247851239429	0.54	0.333	1.14612437701298e-282	c5	ZC3HAV1
4.51722669550278e-284	1.1426693435224	0.951	0.925	1.51498748913772e-279	c5	HSP90AB1
8.27773109846683e-282	0.898498953149355	0.759	0.624	2.77618545580381e-277	c5	EIF4A2
8.46370556598336e-273	1.59030396469128	0.46	0.263	2.8385575727195e-268	c5	ICOS
3.58459451336554e-272	1.3925456887889	0.43	0.226	1.20220130789253e-267	c5	DDIT3
3.91422278885539e-271	0.810952912705542	0.853	0.768	1.31275203892632e-266	c5	MCL1
2.58659495930475e-269	0.951518883201675	0.893	0.814	8.67492217451628e-265	c5	ZFP36
3.03317134355004e-268	0.553531129943917	0.997	0.998	1.01726500519981e-263	c5	UBC
2.58360699939685e-265	1.3091924739727	0.576	0.377	8.66490115457714e-261	c5	SLC2A3
1.78944028659619e-263	0.736746452453872	0.844	0.77	6.00142483318631e-259	c5	EIF5
1.56597331584676e-259	1.08323919921786	0.602	0.417	5.25196130668685e-255	c5	CLK1
1.37416632214398e-250	0.731796902327309	0.813	0.708	4.60867901120649e-246	c5	RBM39
9.49946034805857e-250	1.40370020755856	0.449	0.258	3.18592901153188e-245	c5	CCNH
9.26883280757079e-244	1.54649289845728	0.346	0.167	3.10858114700309e-239	c5	PRDM1
2.04041750523981e-236	2.99896315221858	0.161	0.048	6.84315222907329e-232	c5	TNF
1.03345024207828e-230	1.47254573472465	0.377	0.197	3.46598542188215e-226	c5	PTGER4
7.35790036831406e-229	1.5666557522106	0.357	0.184	2.46769262552517e-224	c5	CKS2
1.34776148985634e-228	1.19611788432547	0.51	0.327	4.52012248468019e-224	c5	ZEB2
2.65443170382297e-228	1.13224023793475	0.543	0.363	8.90243304828149e-224	c5	BTG3
1.45461220840872e-225	0.92664897278024	0.716	0.586	4.87847842456115e-221	c5	TUBB4B
2.49719043416493e-225	2.18092071084917	0.218	0.083	8.37507727810233e-221	c5	GADD45G
2.46072906904022e-218	1.15826966095379	0.48	0.292	8.2527931517471e-214	c5	AHR
5.3654219215096e-214	1.10482415936945	0.609	0.456	1.79945520403589e-209	c5	RSRP1
9.52869838047262e-211	0.816011298109827	0.821	0.724	3.19573486284291e-206	c5	HSPA5
7.15482037538729e-209	1.39766176253447	0.431	0.26	2.39958365749739e-204	c5	TOB1
1.4440944599793e-208	1.17313308661566	0.538	0.371	4.84320399987857e-204	c5	SDCBP
1.78834850755723e-208	1.53995664107056	0.333	0.17	5.99776322464544e-204	c5	MAP3K8
1.45269507212674e-207	1.10098492071802	0.517	0.349	4.87204873289868e-203	c5	HBP1
3.8728864199275e-205	1.61367008755008	0.398	0.235	1.29888864751528e-200	c5	CHORDC1
1.82228173507565e-202	1.50374212547086	0.301	0.146	6.1115684830967e-198	c5	JMY
3.49872343266136e-201	1.40319547056201	0.507	0.344	1.17340186484597e-196	c5	SLA
1.10355963037379e-198	1.16504834959372	0.478	0.31	3.70111828834761e-194	c5	ZFAND5
1.850648651842e-198	1.17221002532368	0.44	0.266	6.20670544854772e-194	c5	NAB1
7.65382352708393e-196	0.682838566961438	0.809	0.723	2.56693933451341e-191	c5	ZFAS1
1.47804439791406e-193	1.40017019254268	0.414	0.25	4.95706530172418e-189	c5	SERTAD1
1.63032643393201e-191	0.874261074990562	0.651	0.518	5.46778879412119e-187	c5	EPC1
9.41416359791312e-188	0.789752422770617	0.754	0.662	3.1573221874681e-183	c5	HERPUD1
1.27442502447387e-187	1.45562421180437	0.272	0.127	4.27416664708048e-183	c5	IPCEF1
2.08290786562447e-187	1.42500304094263	0.288	0.139	6.98565639973134e-183	c5	IL6ST
1.73489772960408e-186	1.11802618878968	0.471	0.305	5.81850000554616e-182	c5	DDX3Y
2.87141569005509e-185	1.3727628371801	0.351	0.195	9.63015394130677e-181	c5	OXNAD1
5.2092891494179e-184	1.29493081270343	0.363	0.202	1.74709139493177e-179	c5	DUSP10
2.39759749378355e-183	2.10993858110753	0.182	0.068	8.04106247465126e-179	c5	AC020916.1
2.02541038115787e-182	0.687236218284165	0.796	0.709	6.79282133632726e-178	c5	CYTIP
5.28445522874626e-180	0.89830335931827	0.611	0.466	1.77230059461692e-175	c5	AC016831.7
2.9390710272228e-179	1.06263333538781	0.475	0.31	9.85705641109982e-175	c5	SLC38A2
4.47368037516299e-179	2.44293357142574	0.112	0.03	1.50038292422217e-174	c5	RGS16
1.99676795473029e-175	0.983327075083093	0.553	0.402	6.69676036657444e-171	c5	DDX3X
3.83583192161653e-175	1.23502230133051	0.436	0.27	1.28646130987175e-170	c5	ZNF331
1.97003780835559e-174	1.00415828246576	0.502	0.344	6.60711280166297e-170	c5	SBDS
1.42753897925435e-173	2.27769257231609	0.141	0.047	4.78768022862323e-169	c5	NFKBID
2.39396838083038e-172	1.23284190043919	0.361	0.205	8.02889115562892e-168	c5	UBE2S
2.27962624036867e-171	0.894351620875287	0.56	0.404	7.64541048494844e-167	c5	CHD2
5.37940308222098e-171	1.08741397442449	0.581	0.434	1.80414420571527e-166	c5	ID2
2.35110489671568e-169	2.84212115668361	0.07	0.014	7.88513560260506e-165	c5	EGR2
1.02350486261366e-168	1.52626313480839	0.3	0.157	3.43263060823369e-164	c5	PELI1
6.06222498550809e-166	1.26292457951762	0.338	0.187	2.0331490156397e-161	c5	CCDC6
4.94880494218967e-163	1.87097108687446	0.624	0.527	1.65973020151157e-158	c5	HSPE1
3.3627153129122e-158	0.789055491100699	0.66	0.544	1.12778746164449e-153	c5	NOP58
1.68452374661846e-157	0.801480254441935	0.69	0.57	5.649555741409e-153	c5	ODC1
1.10341274305679e-155	1.66150162056305	0.182	0.074	3.70062565766386e-151	c5	FAM53C
1.13139779571028e-155	1.1458330737935	0.438	0.291	3.79448192725314e-151	c5	CSRNP1
1.69407255186734e-153	0.952170639605857	0.536	0.4	5.68158052445268e-149	c5	AKIRIN2
2.20285726203528e-153	1.07070172732592	0.476	0.332	7.38794268541394e-149	c5	SNHG15
1.54478132281745e-151	0.892133178837978	0.818	0.775	5.18088760046515e-147	c5	ZFP36L2
1.34497224951473e-150	1.37440334099896	0.302	0.165	4.51076793042251e-146	c5	VSIR
2.06662274390133e-149	1.16876348126137	0.438	0.288	6.93103935849627e-145	c5	MIR155HG
2.37337728294254e-145	1.9704762531339	0.484	0.352	7.9598327315327e-141	c5	HSPB1
5.70757018459414e-145	0.535484571534366	0.966	0.969	1.91420488850918e-140	c5	UBB
9.26822583564689e-143	0.908208227972649	0.511	0.374	3.10837758075926e-138	c5	ATF4
5.10806912236294e-142	2.09532976136344	0.151	0.058	1.71314422225808e-137	c5	SPRY1
7.36276742788329e-142	1.39303969121793	0.409	0.269	2.4693249399635e-137	c5	PMAIP1
2.70473556053815e-141	1.03223681197653	0.526	0.39	9.07114212293286e-137	c5	BHLHE40
2.04241541782895e-139	0.73810371717138	0.668	0.563	6.84985282831474e-135	c5	CYCS
4.55134838363276e-139	4.33526490978833	0.033	0.004	1.52643122090275e-134	c5	IL21
2.40790048767053e-138	2.50216672819437	0.102	0.031	8.07561665554941e-134	c5	DNAJB4
2.87901612475211e-137	2.07875070857457	0.11	0.035	9.65564427919363e-133	c5	AL118516.1
7.06395431018768e-134	0.915686192695537	0.547	0.419	2.36910899655074e-129	c5	ZC3H12A
2.92114945118217e-133	0.662078669891303	0.829	0.773	9.79695102937477e-129	c5	CXCR4
1.53344617237931e-131	1.62349444972165	0.233	0.117	5.14287177292573e-127	c5	CCL3L1
2.13554169175149e-131	1.07885994734997	0.471	0.338	7.16217972579615e-127	c5	CTLA4
7.5451670888557e-130	1.76214098814133	0.142	0.055	2.53049813826043e-125	c5	AC026979.2
9.09928186278568e-129	0.345011175850067	1	1	3.05171715114106e-124	c5	MALAT1
1.16653871089038e-128	0.916970789496405	0.506	0.376	3.91233752858417e-124	c5	AMD1
1.37025312205825e-128	0.829323596954718	0.527	0.398	4.59555492075896e-124	c5	BCLAF1
2.95935402724303e-127	0.71713551739425	0.725	0.653	9.92508153656766e-123	c5	TUBA1A
4.05658011373816e-126	1.2140544442262	0.312	0.185	1.3604958385455e-121	c5	H2AFX
3.12454157167762e-125	2.74081509358512	0.103	0.034	1.04790875230924e-120	c5	CCL20
3.38567848666997e-125	1.79526546481542	0.158	0.067	1.13548885085937e-120	c5	AL135925.1
6.39789454034305e-125	1.81442800553645	0.119	0.043	2.14572587094025e-120	c5	KLF9
2.59823969584319e-123	0.521969089396776	0.807	0.755	8.7139762919189e-119	c5	RBM8A
4.005504586241e-122	2.05585314798167	0.102	0.033	1.34336612813351e-117	c5	SGK1
8.77661489283227e-122	3.5563929650347	0.076	0.021	2.94350110275809e-117	c5	SERPINH1
5.86700156982787e-120	2.3245239810788	0.068	0.017	1.96767498648887e-115	c5	ULBP2
9.43921610011509e-120	0.876878910904289	0.484	0.354	3.1657242956566e-115	c5	PDE4D
1.44888952786119e-119	0.707807006014145	0.632	0.518	4.85928569854085e-115	c5	ITK
5.14327386607598e-118	0.865148627887607	0.495	0.371	1.72495118920456e-113	c5	NAMPT
3.81416138070103e-117	0.613740865812608	0.712	0.634	1.27919344385951e-112	c5	ARID4B
1.78261039812751e-116	1.5854786882639	0.154	0.066	5.97851875324006e-112	c5	GPR18
3.42921447187938e-115	1.95518992357918	0.106	0.037	1.15008994957891e-110	c5	MIR181A1HG
1.10914404873454e-113	0.86945765602699	0.489	0.368	3.71984731064591e-109	c5	SNHG12
3.27416735966474e-112	0.861461682538557	0.446	0.323	1.09809024908436e-107	c5	ETF1
6.56427676661255e-112	0.666368238458193	0.598	0.485	2.20152714198652e-107	c5	GPBP1
2.47822930605697e-111	2.03100747529045	0.101	0.035	8.31148544665387e-107	c5	KMT2E-AS1
1.13737765109723e-110	0.556136433493694	0.742	0.662	3.8145371662499e-106	c5	STK17A
2.27653028135187e-110	0.765531973603751	0.622	0.515	7.63502725759789e-106	c5	JUND
4.63614844980274e-109	0.909047179375507	0.475	0.362	1.55487146709484e-104	c5	GTF2B
1.0916313290466e-107	0.593372494632071	0.667	0.58	3.66111315135649e-103	c5	TAF1D
1.18557903011835e-107	1.28623560095863	0.41	0.292	3.97619495121091e-103	c5	TXNIP
2.27299788492836e-107	0.761191671095356	0.517	0.398	7.62318030647275e-103	c5	HERPUD2
6.38370546846185e-107	1.16664821142151	0.27	0.157	2.14096714001273e-102	c5	NUDT4
1.21320363314703e-106	1.16099670817972	0.292	0.176	4.06884234484851e-102	c5	PFKFB3
1.63827681285003e-105	0.876362900924345	0.444	0.322	5.49445277493643e-101	c5	PTP4A1
2.5682163307529e-104	0.695055222593546	0.733	0.666	8.61328393007908e-100	c5	CLEC2B
9.04362201088543e-104	0.879059735814103	0.443	0.318	3.03304995001076e-99	c5	CHN1
1.27303934859723e-103	0.882724788487033	0.399	0.273	4.26951936732538e-99	c5	JMJD1C
1.81280894047291e-103	2.11470113742846	0.095	0.033	6.07979862455806e-99	c5	DNAJA4
1.80499086187687e-102	0.929724307307563	0.372	0.252	6.05357835256264e-98	c5	OSER1
3.448790018386e-102	1.11389093011871	0.313	0.196	1.1566551963663e-97	c5	IRF4
5.4538968383963e-102	1.22779785187809	0.228	0.125	1.82912792166135e-97	c5	HMGCS1
3.44589461744554e-101	0.624757692652293	0.647	0.552	1.15568413679889e-96	c5	TANK
1.3938702914019e-100	1.07753932729904	0.315	0.2	4.67476218330369e-96	c5	SLC20A1
2.44243546322092e-100	1.15318697140777	0.267	0.157	8.1914400565503e-96	c5	PPP1R15B
5.20821708578195e-99	0.756692397808732	0.555	0.455	1.74673184622955e-94	c5	EIF4A3
5.06580551082995e-98	0.753881904389005	0.538	0.436	1.69896985222215e-93	c5	G3BP2
1.52842120259125e-97	1.6957206927351	0.626	0.574	5.12601902925054e-93	c5	HSPD1
2.35882741317446e-97	0.629313362821917	0.7	0.618	7.9110353783045e-93	c5	TUBA4A
1.19826781130147e-96	1.26786837847723	0.212	0.114	4.01875058554288e-92	c5	ARRDC3
1.30950885773342e-94	0.710166359231485	0.595	0.506	4.39183080706633e-90	c5	FUS
3.74631268509337e-93	0.683251006216355	0.648	0.576	1.25643834832661e-88	c5	IRF1
1.2368895748395e-92	1.19456785010273	0.432	0.335	4.14828025609671e-88	c5	AHSA1
2.02501377506412e-92	0.886501804052628	0.346	0.231	6.79149119881003e-88	c5	AZIN1
2.77841777242712e-92	0.862251866025188	0.493	0.387	9.31825752516607e-88	c5	ARID5B
1.98524372269071e-91	2.19483104692107	0.07	0.022	6.65811039716011e-87	c5	AC087239.1
7.24528408583171e-91	3.21918391341329	0.026	0.003	2.42992337670624e-86	c5	RND1
1.71471153032694e-90	1.20680162284145	0.379	0.277	5.7507995304105e-86	c5	RILPL2
3.39904519320184e-90	1.18045554033815	0.218	0.122	1.13997177689603e-85	c5	ELL2
1.08605492446954e-89	0.938818935167419	0.308	0.198	3.64241100568594e-85	c5	C1orf52
2.35124419000925e-89	1.60683406795925	0.106	0.042	7.88560276445303e-85	c5	RELT
7.09886396066347e-89	1.56739909764098	0.11	0.045	2.38081699512731e-84	c5	SPON2
3.31284093429595e-88	0.922679935521332	0.513	0.425	1.11106059254418e-83	c5	IER2
6.02489749352767e-88	0.681183498318522	0.649	0.571	2.02063012137931e-83	c5	LINC02446
7.77382653417574e-88	2.81057127115569	0.038	0.008	2.60718594303186e-83	c5	AC015912.3
9.22722192686809e-88	1.08822117546644	0.282	0.176	3.09462568983302e-83	c5	PLK3
1.01684380733554e-87	1.86834936433427	0.079	0.027	3.41029076104193e-83	c5	MAFF
1.10138267625825e-87	0.994754206993731	0.299	0.191	3.69381721963491e-83	c5	BCL2L11
1.84505351198889e-86	0.810313621574394	0.425	0.315	6.18794046850834e-82	c5	RAB8B
2.01119831555816e-86	0.99088941471316	0.303	0.198	6.74515691071896e-82	c5	ST8SIA4
3.56682572591676e-86	0.634892886870026	0.543	0.446	1.19624201195796e-81	c5	WTAP
7.86491629205493e-86	1.00399668672729	0.318	0.212	2.63773562602938e-81	c5	SLC1A5
1.66367899133882e-85	0.891190892879678	0.471	0.366	5.57964660115213e-81	c5	CITED2
3.22122306677201e-85	0.672639600563054	0.584	0.504	1.080333792134e-80	c5	NSD3
3.55165594215625e-84	0.684758047822445	0.516	0.409	1.19115436988036e-79	c5	CD48
8.78895893048678e-84	0.390122431404246	0.816	0.786	2.94764104610666e-79	c5	UBE2D3
6.92407300773966e-81	1.56632859871842	0.137	0.065	2.32219560533573e-76	c5	AC243960.1
8.52712095271874e-81	1.0441885836266	0.28	0.181	2.85982582512281e-76	c5	GABPB1
2.33964152609841e-80	0.996191818222588	0.263	0.162	7.84668975022886e-76	c5	TNIP3
8.3437445855061e-80	0.741533627714166	0.474	0.373	2.79832505908704e-75	c5	HIF1A
1.58363109718659e-79	0.997577898457293	0.446	0.348	5.3111819737444e-75	c5	PHLDA1
4.41726965725368e-79	0.820291745924513	0.443	0.346	1.48146389764974e-74	c5	KPNA2
7.80419459048489e-79	0.968259444017628	0.328	0.227	2.61737078175682e-74	c5	CRYBG1
3.91436861675127e-78	1.19330986392561	0.24	0.148	1.31280094668604e-73	c5	KLF10
1.0335334612166e-77	2.67997479888175	0.038	0.008	3.46626452222824e-73	c5	AL021453.1
7.37539155338908e-77	0.564347091445833	0.582	0.493	2.47355881917563e-72	c5	MAPRE2
8.73399904392325e-77	1.20717562989042	0.198	0.112	2.92920859935098e-72	c5	TNS3
6.56052199812884e-76	1.34677214656942	0.133	0.064	2.20026786773245e-71	c5	CASS4
6.67746728662071e-76	1.02022442849644	0.398	0.3	2.23948897858686e-71	c5	GLUL
2.39093257148624e-75	0.43132333676218	0.77	0.722	8.01870965825056e-71	c5	AKAP13
4.01083556339987e-75	1.43449110647212	0.148	0.075	1.34515403125305e-70	c5	GADD45A
1.7840341338449e-74	2.6008896044761	0.036	0.008	5.98329367808902e-70	c5	Z93241.1
1.51035845748977e-73	0.771463706092256	0.544	0.472	5.06544019472921e-69	c5	CCT4
2.6848630803058e-73	1.04676903338489	0.231	0.141	9.00449379872959e-69	c5	GBP1
6.48536857513961e-73	0.765031336293437	0.4	0.301	2.17506291273032e-68	c5	CWC25
7.44579718485456e-73	0.65975190332183	0.461	0.365	2.49717145985652e-68	c5	AKIRIN1
5.46026280201811e-72	0.604417840598187	0.696	0.624	1.83126293854083e-67	c5	FABP5
2.1842830552296e-71	2.26259613524755	0.054	0.017	7.32564851062904e-67	c5	RBKS
2.85542937086926e-71	0.612207341956071	0.546	0.466	9.57653902402133e-67	c5	RPL22L1
3.52197106131917e-71	1.00106649662588	0.239	0.147	1.18119865454522e-66	c5	AC243829.4
5.35755910578791e-71	1.78615220453177	0.078	0.03	1.79681817289915e-66	c5	ATP2B1-AS1
6.67263573573809e-71	0.791578213178683	0.45	0.361	2.23786857305184e-66	c5	JMJD6
1.74516532014816e-70	1.54413319877841	0.096	0.041	5.8529354507129e-66	c5	SESN2
2.96745268546567e-70	0.890136152327396	0.271	0.176	9.95224281651477e-66	c5	RLF
2.05166232582929e-69	0.496756916777668	0.708	0.646	6.88086510836627e-65	c5	PPP1R2
2.13373377688053e-69	0.829763781442362	0.384	0.288	7.15611634090193e-65	c5	RORA
3.08250964196527e-69	3.95018934722273	0.022	0.003	1.03381208372231e-64	c5	IL2
5.30777964714815e-69	0.976369430039381	0.312	0.217	1.78012313806055e-64	c5	TUBB2A
5.49768629672583e-69	0.570649644630876	0.593	0.517	1.84381403019591e-64	c5	SNHG8
6.65460045962905e-68	0.862597593640451	0.325	0.229	2.23181990215039e-63	c5	VPS37B
4.27581903616901e-67	1.03350546794999	0.274	0.187	1.43402418835036e-62	c5	DEDD2
4.36972833729216e-67	1.07952573925917	0.203	0.12	1.46551948976104e-62	c5	ARHGEF3
1.45985602967179e-66	0.803648620036828	0.36	0.266	4.89606515231327e-62	c5	IDI1
2.94024054853929e-66	2.36841666884169	0.054	0.018	9.86097875169106e-62	c5	IER3
6.60469082578647e-66	0.677756396555047	0.479	0.393	2.21508120915227e-61	c5	B3GNT2
9.4899156762958e-66	1.01733459315311	0.36	0.271	3.18272791951609e-61	c5	DOK2
1.04718331121263e-65	1.40380401078705	0.111	0.052	3.51204338914491e-61	c5	TP53INP2
2.03167787512127e-65	0.535479553994815	0.608	0.534	6.81384125758172e-61	c5	HNRNPLL
3.81667089296122e-65	1.29863180550167	0.12	0.058	1.28003508408133e-60	c5	MXD1
7.70784644043229e-65	1.14819665814528	0.168	0.094	2.58505753919218e-60	c5	EIF2AK3
1.34156924582957e-64	1.4932316779424	0.102	0.047	4.49935493666321e-60	c5	ARL5B
4.28535255333422e-64	0.41215060671563	0.713	0.653	1.43722153933723e-59	c5	SAMSN1
4.32379597069701e-64	1.29512206922505	0.145	0.077	1.45011469265236e-59	c5	TIAM2
3.3216594077284e-63	1.03396345166964	0.243	0.159	1.11401813216395e-58	c5	FOXN2
9.48491387258437e-63	0.769325045059095	0.306	0.214	3.18105041458735e-58	c5	SPTY2D1
3.85112701142945e-62	0.91416569909693	0.269	0.181	1.29159097709321e-57	c5	TIPARP
8.77292883768439e-62	0.545377827251527	0.585	0.524	2.94226487358259e-57	c5	SRSF10
1.34218458760013e-61	1.53510734349551	0.111	0.053	4.50141866989331e-57	c5	AC025164.1
1.3483108044943e-61	0.665390695168005	0.434	0.353	4.52196477611298e-57	c5	CHIC2
1.67487950489967e-61	0.603224656444618	0.544	0.47	5.61721088353252e-57	c5	PIK3IP1
1.99175721429517e-61	1.66115394847652	0.301	0.215	6.67995534530315e-57	c5	XCL2
3.05843070876073e-61	3.2040256386828	0.019	0.003	1.02573649110417e-56	c5	BX284668.6
7.87693410201894e-61	1.72451987095004	0.068	0.026	2.64176615913511e-56	c5	AL139246.5
1.4506439901805e-60	0.789215679269906	0.468	0.389	4.86516981426736e-56	c5	BTG2
2.96853388152837e-60	0.974390876209992	0.239	0.156	9.95586893186984e-56	c5	FBXO32
6.46278049646456e-60	0.391915660549768	0.767	0.739	2.16748732290428e-55	c5	KMT2E
7.6321238094567e-60	0.570742080534913	0.572	0.51	2.55966168321559e-55	c5	TRA2B
8.06208089936951e-60	1.88481887299054	0.05	0.016	2.70386069203055e-55	c5	KBTBD8
1.3349804720362e-59	1.06332255386826	0.175	0.102	4.47725750711502e-55	c5	ITPRIP
2.63896796351405e-59	0.769966514624739	0.314	0.224	8.85057075603341e-55	c5	CHST11
1.66719048934094e-58	0.880305658833563	0.236	0.154	5.59142346315163e-54	c5	KANSL2
2.74736206402448e-58	1.76676235887101	0.063	0.024	9.2141028903253e-54	c5	SEMA7A
7.92924585098865e-58	1.98575393018001	0.083	0.036	2.65931047350457e-53	c5	AREG
1.75680616590198e-57	0.343701196073678	0.784	0.758	5.89197651920207e-53	c5	CIRBP
6.85279494277134e-57	1.94849223311881	0.05	0.017	2.29829036790665e-52	c5	NOCT
1.80048839735587e-56	0.368680155298343	0.756	0.707	6.0384779870521e-52	c5	MBNL1
1.84785783348675e-56	0.986995522105443	0.237	0.158	6.19734560194788e-52	c5	SIRPG
1.94327584929624e-56	1.47134251336257	0.097	0.046	6.51735854336971e-52	c5	ICAM1
2.4018926714362e-56	0.454552028766944	0.656	0.6	8.05546764146272e-52	c5	SFPQ
4.1923502810526e-56	0.679178896568269	0.364	0.278	1.40603043725942e-51	c5	COPS2
6.67993072781248e-56	1.18795325687337	0.144	0.08	2.24031516749375e-51	c5	NAF1
1.08926875327898e-55	0.742703671191801	0.361	0.274	3.65318954474704e-51	c5	RSBN1
1.48592129742809e-55	0.793357259404149	0.304	0.218	4.98348284731433e-51	c5	HAUS3
4.2572152705314e-55	0.772271722211405	0.289	0.204	1.42778485743082e-50	c5	TOX
8.65508264871323e-55	0.687458666430451	0.35	0.262	2.90274161872544e-50	c5	COQ10B
9.63791094489139e-55	1.28184150183072	0.154	0.089	3.23236257269767e-50	c5	CD83
9.8228675272374e-55	0.494784543760105	0.575	0.502	3.29439331128488e-50	c5	CBLB
1.01010724292309e-54	0.499456215801344	0.986	0.992	3.38769767131547e-50	c5	ACTB
1.52287822150871e-54	0.789041974451569	0.474	0.409	5.10742897929591e-50	c5	TCP1
4.76530577610614e-54	0.691707971432765	0.352	0.266	1.59818825119048e-49	c5	CCDC59
6.17319943844967e-54	0.877255154915036	0.248	0.168	2.07036762766725e-49	c5	IER5
8.52936587134376e-54	1.88335656715201	0.046	0.015	2.86057872593127e-49	c5	MIR222HG
1.80917657708956e-53	0.809855580765063	0.258	0.176	6.06761640424295e-49	c5	CDKN2AIP
2.36592781234485e-53	4.09554843820056	0.01	0.001	7.93484869704217e-49	c5	AC025259.3
2.368386121553e-53	1.09228748691089	0.194	0.122	7.94309337446446e-49	c5	ZNF683
3.13446597673269e-53	2.7326454838904	0.023	0.005	1.05123719927661e-48	c5	AC083880.1
3.42405797063047e-53	0.49611269465756	0.587	0.533	1.14836056219005e-48	c5	PAPOLA
3.48579038730512e-53	0.733613870222392	0.322	0.236	1.16906438009439e-48	c5	ATF7IP
4.31028441537123e-53	0.997495936637178	0.23	0.153	1.4455831872272e-48	c5	CHMP1B
4.86374484064324e-53	0.62694472717763	0.423	0.342	1.63120274465493e-48	c5	YTHDC1
9.28432290815483e-53	0.905749442096531	0.302	0.223	3.11377621693697e-48	c5	STX11
1.3081574924704e-52	0.500214032469396	0.647	0.589	4.38729859824723e-48	c5	EVL
1.9229043201035e-52	0.706486079833776	0.382	0.302	6.44903650876312e-48	c5	BCAS2
2.14476742085268e-52	0.416962058890772	0.645	0.563	7.19312097605571e-48	c5	CREM
3.20578699215302e-52	0.968217772518371	0.191	0.119	1.07515684142828e-47	c5	TP53INP1
3.45038000747502e-52	0.9894584982501	0.174	0.105	1.15718844690697e-47	c5	SLC25A33
1.03735652901234e-51	0.3721808549879	0.701	0.638	3.47908632700159e-47	c5	SLC7A5
1.36619708072784e-51	1.19191373542405	0.133	0.074	4.58195176934504e-47	c5	CNBD2
1.7888149152973e-51	0.682404535539633	0.363	0.279	5.99932746292407e-47	c5	KDM2A
4.16594812208023e-51	0.512922183134887	0.52	0.452	1.39717568118327e-46	c5	KIF5B
4.44577454751487e-51	1.3279982006853	0.108	0.056	1.49102386774554e-46	c5	CSKMT
6.70942627423714e-51	0.863861601960049	0.281	0.203	2.25020738385365e-46	c5	RAB11FIP1
7.80529841137965e-51	0.928014415548215	0.202	0.129	2.61774098120851e-46	c5	INPP4B
1.01192745245813e-50	1.03815081110686	0.191	0.12	3.39380229005408e-46	c5	ANKRD37
1.09450005762499e-50	0.67131098844565	0.406	0.327	3.67073429326269e-46	c5	ZNF267
2.10969492682408e-50	0.301345778123982	0.99	0.988	7.07549484558259e-46	c5	MTRNR2L12
4.06346077652012e-50	3.43880791861965	0.013	0.002	1.36280347522932e-45	c5	SNAI1
4.11562106384496e-50	2.91888171493538	0.017	0.003	1.38029699239232e-45	c5	ID1
4.12602371996465e-50	0.478180739607066	0.56	0.497	1.38378583520174e-45	c5	BUD31
6.67145347676845e-50	1.18015763440167	0.343	0.266	2.2374720670386e-45	c5	GEM
7.80946769983428e-50	1.24658285281531	0.135	0.077	2.61913927717042e-45	c5	EDARADD
1.80188808553598e-49	0.882066567993171	0.297	0.219	6.04317226127057e-45	c5	CDC42EP3
2.07832516876988e-49	0.518460985054323	0.53	0.468	6.97028695102044e-45	c5	ARGLU1
8.08620943212633e-49	0.82726043059397	0.361	0.287	2.71195291934653e-44	c5	HSPA4
9.30225450372144e-49	1.37491424787891	0.077	0.035	3.1197901154581e-44	c5	SRGAP3
1.09753684780766e-48	1.93387758967321	0.038	0.012	3.68091908017733e-44	c5	ERRFI1
1.65893670171988e-48	0.425130566131063	0.694	0.674	5.56374191022813e-44	c5	SELENOK
1.69151986898139e-48	0.876738783840642	0.254	0.179	5.67301933658979e-44	c5	CFAP20
2.53927472219822e-48	1.05970087411125	0.248	0.175	8.51621956330838e-44	c5	GLA
3.11417476774931e-48	0.536087795364599	0.5	0.429	1.04443193360777e-43	c5	IVNS1ABP
7.29943804719472e-48	0.761839987810097	0.309	0.232	2.44808553226817e-43	c5	PPIL4
8.10718646407413e-48	1.39149856547106	0.362	0.302	2.71898819632118e-43	c5	FKBP4
1.53466386787229e-47	2.07470105383691	0.036	0.011	5.14695568007007e-43	c5	AC091271.1
2.36634632683607e-47	0.614413839340066	0.417	0.341	7.93625231094282e-43	c5	CHD1
2.88177275456892e-47	0.830855681473787	0.309	0.232	9.66488946427325e-43	c5	GATA3
8.7917279220294e-47	0.874044949456174	0.212	0.141	2.94856971049022e-42	c5	TFRC
1.49339789660566e-46	1.00746709519775	0.145	0.085	5.00855786563605e-42	c5	BTN2A2
1.71571132851107e-46	0.870752534796392	0.214	0.144	5.75415265356044e-42	c5	POLR1C
2.14945204603303e-46	1.06897656182362	0.126	0.071	7.20883227198558e-42	c5	LDLR
3.46747746969043e-46	1.18125100857194	0.132	0.076	1.16292259378478e-41	c5	IFI44L
3.77953058581387e-46	0.438931949633312	0.641	0.591	1.26757896787026e-41	c5	FAS
1.13846566260906e-45	0.464983132105847	0.586	0.527	3.81818613925825e-41	c5	GABARAPL1
1.30102793546336e-45	0.851314672733553	0.257	0.182	4.36338748995701e-41	c5	CDKN1A
2.4469672805564e-45	0.803271309167274	0.251	0.178	8.20663886553005e-41	c5	TOPORS
2.4874916369009e-45	0.786837464022427	0.244	0.171	8.34254945183824e-41	c5	DBF4
4.16949271485725e-45	0.761340264216832	0.277	0.202	1.39836446670882e-40	c5	ZNF394
1.40382588141398e-44	3.44888268252293	0.013	0.002	4.70815124108621e-40	c5	PARD6G-AS1
2.91761404854153e-44	0.597618062330566	0.381	0.307	9.78509399599858e-40	c5	VAMP2
4.06980975977866e-44	1.70533732301605	0.052	0.02	1.36493279723457e-39	c5	FRMD4B
1.90898301617432e-43	2.44235834898536	0.025	0.006	6.40234723964542e-39	c5	RASD1
2.36384991710904e-43	0.725932821167286	0.287	0.214	7.92787985200031e-39	c5	SP140
3.21440979183986e-43	2.72578687763141	0.018	0.004	1.07804875598725e-38	c5	DDN-AS1
3.52702739091943e-43	1.12721786643064	0.13	0.076	1.18289444636656e-38	c5	NFKBIE
3.73570915459308e-43	0.626325009720578	0.468	0.408	1.25288213626743e-38	c5	KDM6B
4.54378647503113e-43	1.02536944942585	0.161	0.101	1.52389510799594e-38	c5	MBNL2
5.11326720174761e-43	2.55081111153294	0.018	0.004	1.71488755412211e-38	c5	AC007032.1
5.64746447810223e-43	0.493615018719115	0.68	0.665	1.89404663666593e-38	c5	PIM3
6.8615345367095e-43	2.16833886777629	0.033	0.01	2.30122145292163e-38	c5	AC103591.3
8.03133450971071e-43	0.428542650637075	0.648	0.614	2.69354896786678e-38	c5	SRSF5
1.05426026864726e-42	0.529596755862463	0.508	0.45	3.53577808898919e-38	c5	MGAT4A
1.37453990380119e-42	0.495357103153913	0.608	0.567	4.60993192936844e-38	c5	GLUD1
2.40165764165485e-42	0.666915898492217	0.35	0.274	8.05467939858204e-38	c5	ANKRD28
3.3376835854621e-42	1.399453486645	0.067	0.03	1.11939232089228e-37	c5	C3orf58
3.74988593504761e-42	1.13853255988431	0.113	0.063	1.25763674489627e-37	c5	ERN1
1.28306832954229e-41	1.31115232666931	0.132	0.079	4.30315456361892e-37	c5	BCL2A1
3.19728970120705e-41	0.469584068187585	0.51	0.446	1.07230701999082e-36	c5	CELF2
3.45170858953768e-41	0.573005152556552	0.365	0.292	1.15763402675915e-36	c5	WDR33
5.75368501586724e-41	1.25429535883052	0.093	0.049	1.92967088062156e-36	c5	ARHGAP18
9.260576604691e-41	1.32313589321939	0.075	0.037	3.10581218168127e-36	c5	CPEB4
1.85803387615216e-40	0.903167347355831	0.185	0.122	6.2314740138391e-36	c5	SDE2
3.53078892337218e-40	0.517915379626567	0.469	0.408	1.18415598912056e-35	c5	CMC2
5.55663226299276e-40	0.813082148573426	0.243	0.176	1.86358332836251e-35	c5	SGMS1
5.65409552929512e-40	0.728326669770322	0.326	0.254	1.896270558615e-35	c5	SOCS1
7.80747883881006e-40	0.849592517719515	0.17	0.109	2.61847225296012e-35	c5	ETV1
1.30876204628156e-39	0.971357515280957	0.142	0.087	4.38932615081909e-35	c5	GFOD1
1.55007958299263e-39	0.696009600389663	0.317	0.248	5.19865690544067e-35	c5	NUTM2B-AS1
1.59077203353879e-39	1.69138339463854	0.043	0.016	5.33513124608239e-35	c5	KLHL15
1.60032844388027e-39	0.75010310791933	0.266	0.196	5.36718153508566e-35	c5	ARL4A
1.69271175130139e-39	0.673343663514035	0.286	0.215	5.67701667151459e-35	c5	ZNF644
1.80081088994564e-39	0.604938617638349	0.352	0.282	6.03955956269967e-35	c5	RNMT
2.02935905241979e-39	0.386471263354347	0.932	0.936	6.80606439000548e-35	c5	ACTG1
2.44644355567144e-39	2.1233543846938	0.035	0.012	8.20488239701086e-35	c5	LINC01480
3.11303239463846e-39	2.78035323865394	0.015	0.003	1.04404880451385e-34	c5	DUSP6
3.30065047436089e-39	0.958024978822855	0.157	0.1	1.10697215609116e-34	c5	ABHD5
3.75123728766907e-39	0.788514717164075	0.201	0.137	1.25808996153845e-34	c5	PNO1
3.78528853625786e-39	0.305288757733289	0.817	0.805	1.26951006929016e-34	c5	NR3C1
5.25371607186355e-39	0.681528737690536	0.274	0.202	1.7619912961816e-34	c5	NUSAP1
5.36381548746695e-39	0.558981150370532	0.389	0.315	1.79891643818667e-34	c5	CEMIP2
6.02995012266983e-39	0.580241935573361	0.432	0.372	2.02232467214101e-34	c5	PNRC2
1.02582212883248e-38	0.503424382834238	0.543	0.487	3.44040225567836e-34	c5	GBP2
1.63455243876943e-38	0.941909244058351	0.139	0.086	5.4819619691449e-34	c5	CD226
1.6491817350405e-38	0.37002562951261	0.638	0.602	5.53102570297883e-34	c5	TERF2IP
2.01807090160027e-38	0.513686503986892	0.486	0.423	6.76820618978699e-34	c5	NFKB1
2.19359939914894e-38	0.768905100724302	0.204	0.14	7.3568936648657e-34	c5	VCPKMT
2.73002060600234e-38	1.56640296181197	0.044	0.017	9.15594310841064e-34	c5	AC012615.1
3.95541098495428e-38	2.29444695333376	0.026	0.007	1.32656573613396e-33	c5	AC108047.1
4.21449360953153e-38	2.19520034044183	0.024	0.007	1.41345686676469e-33	c5	NLRP3
4.54239762630123e-38	2.13873386239587	0.027	0.008	1.52342931590891e-33	c5	AC020765.2
6.32005279538907e-38	1.61791978896638	0.048	0.02	2.11961930651759e-33	c5	YES1
1.23216101312825e-37	0.986456757573576	0.137	0.084	4.13242160582951e-33	c5	WDR47
1.59989902522363e-37	2.41199919637316	0.024	0.007	5.36574135079503e-33	c5	AC132192.2
2.12745087534062e-37	1.24698832851903	0.074	0.037	7.13504474571738e-33	c5	RAB30
3.29131749450147e-37	0.713851341419064	0.353	0.287	1.1038420613059e-32	c5	PIK3R1
4.35506008992411e-37	0.559562195023367	0.39	0.324	1.46060005295875e-32	c5	NFKBIB
1.34391500940842e-36	0.586906807559291	0.358	0.289	4.50722215855394e-32	c5	PRDM2
1.51388502713303e-36	0.495800933853338	0.447	0.385	5.07726760399877e-32	c5	RNF114
1.99063074489923e-36	0.335784610478563	0.675	0.644	6.67617739224302e-32	c5	SRRM1
2.15011955774367e-36	2.32792693805616	0.018	0.004	7.21107097276073e-32	c5	AF213884.3
2.17596422902976e-36	0.224565965271258	0.964	0.93	7.29774883132e-32	c5	CCL5
3.21762364334999e-36	2.33965414924379	0.031	0.01	1.07912661750672e-31	c5	AC245014.3
3.61067918266976e-36	0.349172320273804	0.625	0.572	1.21094958428378e-31	c5	HMGB2
4.38642820879334e-36	1.02033118641945	0.109	0.063	1.47112029266511e-31	c5	IL18RAP
4.67499363438999e-36	0.804240345654884	0.214	0.152	1.56789936510171e-31	c5	TP53BP2
8.07278294926152e-36	1.18577223206412	0.106	0.061	2.70744994552333e-31	c5	PHF6
9.17468801410505e-36	0.996870969355524	0.113	0.066	3.07700686617055e-31	c5	CAMK2D
1.03270728371288e-35	0.515667013011451	0.388	0.32	3.46349368811625e-31	c5	SMARCA2
1.59912197851119e-35	0.819645214203889	0.166	0.11	5.36313529153081e-31	c5	PPM1D
2.31070701642157e-35	0.877426724185158	0.15	0.097	7.74964919167467e-31	c5	RBM15
2.62063474562156e-35	2.06333063078907	0.024	0.007	8.78908480986558e-31	c5	CH25H
4.98774691272069e-35	0.417119854574437	0.607	0.561	1.67279055958826e-30	c5	LCP1
5.87440679521517e-35	0.505832535979807	0.38	0.31	1.97015855097926e-30	c5	PAG1
5.88434870451458e-35	0.946912506957704	0.144	0.092	1.9734928685201e-30	c5	SLC25A25
7.95408330694056e-35	0.310759170873246	0.763	0.753	2.66764045948172e-30	c5	MAP1LC3B
9.94029718571122e-35	1.0527615142717	0.117	0.07	3.33377687014383e-30	c5	ERF
1.07506616125629e-34	0.806763703480991	0.194	0.135	3.60555689162135e-30	c5	FNIP1
1.19370898229842e-34	0.558782536228507	0.397	0.335	4.00346118483244e-30	c5	SNHG7
1.38638266204128e-34	0.641227592242202	0.314	0.248	4.64965017195404e-30	c5	NXT1
1.52410260262229e-34	2.15551457320491	0.025	0.008	5.11153530867463e-30	c5	AC087623.3
1.52854423358554e-34	0.573931321714396	0.315	0.248	5.12643165059917e-30	c5	UBAP1
1.77281892163344e-34	0.831761316626304	0.212	0.152	5.94568009937423e-30	c5	SIAH2
2.39024015515872e-34	0.860742702825243	0.153	0.099	8.0163874323713e-30	c5	FOSL2
4.64631066292912e-34	0.678420669279243	0.256	0.192	1.55827967013317e-29	c5	DNAJB9
6.15850105068082e-34	1.03574242093607	0.102	0.059	2.06543808237733e-29	c5	ZNF10
6.61150937466096e-34	1.02972361150018	0.096	0.054	2.21736801407379e-29	c5	TRERF1
6.97763268791089e-34	0.800110771134728	0.141	0.089	2.34015845087156e-29	c5	NR1D2
7.33285150192884e-34	0.801789009062257	0.172	0.116	2.45929173671689e-29	c5	TWF1
7.46338190456625e-34	0.712375489002604	0.243	0.181	2.50306902315343e-29	c5	RNF138
7.98770543567086e-34	0.615384883167992	0.314	0.249	2.67891664901529e-29	c5	RAB5A
8.07426908755513e-34	0.960294100023631	0.13	0.081	2.70794836658424e-29	c5	DUSP5
8.47207457851495e-34	0.481683245030313	0.423	0.362	2.84136437214234e-29	c5	TMF1
1.31990480735841e-33	0.630516107842206	0.273	0.207	4.42669674291864e-29	c5	IRF2BP2
1.5413382644989e-33	1.61792878999081	0.057	0.027	5.1693402714764e-29	c5	AC007952.4
3.01081156664959e-33	0.653773127010892	0.272	0.208	1.00976598322294e-28	c5	KLHL28
6.87423274862868e-33	0.533719836850318	0.329	0.263	2.30548017923508e-28	c5	CREBRF
1.70701992406554e-32	0.806158739101335	0.313	0.252	5.72500342133101e-28	c5	RHOB
1.81458804540176e-32	0.743230979818951	0.207	0.148	6.08576538666841e-28	c5	BCL10
2.10694921057888e-32	0.475912680253072	0.439	0.382	7.06628626243944e-28	c5	PPP2CA
2.13796576681485e-32	2.79378550643399	0.013	0.002	7.17030958874365e-28	c5	AC092803.2
3.19735557980382e-32	0.300699472474895	0.785	0.742	1.0723291143546e-27	c5	NKG7
3.19838651441917e-32	1.06760788555923	0.069	0.035	1.0726748692059e-27	c5	AC044849.1
3.86213914673767e-32	1.28300778817899	0.078	0.042	1.29528422703288e-27	c5	LINC00861
4.38798007549136e-32	1.26147123522932	0.072	0.037	1.47164075771829e-27	c5	ITGB2-AS1
4.78766998133067e-32	0.226485411915708	0.831	0.829	1.60568875833868e-27	c5	SON
4.83237816753662e-32	0.767110221486881	0.176	0.121	1.62068298982843e-27	c5	CDC14A
7.83375983456673e-32	1.27391777743159	0.079	0.042	2.62728637331699e-27	c5	IRS2
8.89266661967416e-32	0.915373622429334	0.134	0.085	2.98242253090632e-27	c5	ZBTB20
1.67187904998592e-31	0.811462641376071	0.151	0.1	5.60714795784277e-27	c5	RYBP
2.33527672280968e-31	0.885701480304175	0.155	0.104	7.83205107295911e-27	c5	TWISTNB
4.75008797346606e-31	1.92588092904535	0.024	0.008	1.59308450454105e-26	c5	SIK1B
5.73097435898429e-31	0.588751128857126	0.319	0.254	1.92205418051615e-26	c5	KLRD1
6.11879715496144e-31	0.523837305562532	0.418	0.36	2.05212218983097e-26	c5	DR1
6.31741921974567e-31	0.497811746885625	0.445	0.393	2.1187360579183e-26	c5	PTPN1
1.37508424875389e-30	1.77703454795552	0.03	0.011	4.61175755347078e-26	c5	AC136475.3
2.92227825725219e-30	0.534035386288196	0.384	0.325	9.8007368191724e-26	c5	INSIG1
2.92716886464252e-30	0.301331915536825	0.744	0.728	9.81713893823808e-26	c5	HNRNPC
3.13266426252532e-30	0.466145294679348	0.458	0.41	1.05063294036574e-25	c5	PRPF38B
3.75907114803175e-30	0.709972866505881	0.285	0.227	1.26071728162689e-25	c5	TMEM70
5.15109391215248e-30	1.57667050021103	0.033	0.013	1.7275738762577e-25	c5	BFSP2-AS1
5.34221023540652e-30	1.23845308445394	0.083	0.047	1.79167046875064e-25	c5	FAM83D
5.35151156419014e-30	1.66731719130845	0.036	0.014	1.79478994839809e-25	c5	HSPA2
5.72395510634052e-30	0.922972625748947	0.115	0.071	1.91970006356448e-25	c5	USPL1
7.12468661280443e-30	0.544517929963889	0.378	0.323	2.38947739620235e-25	c5	PNN
8.06674252056609e-30	0.536645050273747	0.351	0.292	2.70542410654746e-25	c5	RABGAP1L
9.55190875283659e-30	0.413992595254418	0.692	0.639	3.20351915752634e-25	c5	DUSP2
1.11369455847732e-29	0.465471426462162	0.461	0.414	3.73510881022123e-25	c5	ARF4
1.40417974408104e-29	2.17073362891638	0.02	0.006	4.70933802569899e-25	c5	AL122035.1
1.77940880500605e-29	1.47248149444043	0.063	0.032	5.9677812502293e-25	c5	ARG2
1.90893446068346e-29	1.09190500921881	0.076	0.042	6.40218439424018e-25	c5	AC016831.1
2.18460550445454e-29	1.95910158037763	0.022	0.007	7.32672994083965e-25	c5	AC027682.1
2.71591890121008e-29	0.572259878079456	0.347	0.289	9.10864881087836e-25	c5	FXR1
3.93409264011085e-29	0.471560264739591	0.428	0.374	1.31941598964038e-24	c5	DHX36
4.39248277489068e-29	1.4419012625064	0.039	0.017	1.47315087304284e-24	c5	KLHL25
7.62182863974052e-29	0.840592155806965	0.134	0.087	2.55620888919618e-24	c5	SAMD8
7.7550754899793e-29	0.388178281411038	0.562	0.509	2.60089721782926e-24	c5	TSPYL2
9.80073574216162e-29	0.691586970339202	0.244	0.187	3.28697075320617e-24	c5	INPP5F
1.22741779124063e-28	0.757872392365755	0.183	0.13	4.11651378826284e-24	c5	ZNF410
1.36315982454932e-28	0.64925355932071	0.257	0.2	4.5717654195735e-24	c5	ZNF622
1.51978551731984e-28	1.23528472139487	0.072	0.039	5.09705666798727e-24	c5	KCNK5
1.84901554673545e-28	0.509671935588818	0.371	0.318	6.20122834064134e-24	c5	NGDN
1.9264541896681e-28	0.496995401192578	0.459	0.4	6.46094206130889e-24	c5	GZMA
2.49971090077368e-28	0.455722433456206	0.458	0.411	8.38353041901478e-24	c5	TOP1
2.91965873963124e-28	1.0246600469846	0.102	0.062	9.79195148097524e-24	c5	CCDC141
4.91196316513718e-28	0.657964862207104	0.236	0.181	1.64737420632371e-23	c5	USP12
5.32331064024441e-28	0.67358727508539	0.238	0.183	1.78533192252517e-23	c5	RABGGTB
6.32060877651462e-28	1.75564989417291	0.026	0.009	2.11980577146747e-23	c5	TOLLIP-AS1
9.18936430974892e-28	0.281239657708688	0.756	0.754	3.08192900220359e-23	c5	SAP18
9.6116546669453e-28	0.641615204441578	0.254	0.197	3.22355674220011e-23	c5	TRIM26
1.12348497446616e-27	0.688728280792693	0.243	0.186	3.7679439073646e-23	c5	MPZL3
1.20860094356315e-27	0.342325439199803	0.586	0.552	4.05340584452211e-23	c5	SP100
1.27680017602373e-27	1.67470272675321	0.031	0.012	4.28213243034839e-23	c5	AL096865.1
2.80965495040792e-27	0.569737334301853	0.342	0.287	9.4230207726781e-23	c5	FAM133B
3.9207666820626e-27	0.723491849636775	0.169	0.119	1.31494672983015e-22	c5	HECA
3.99607275232817e-27	0.521800821686902	0.348	0.293	1.34020287967582e-22	c5	TRA2A
4.18093689581407e-27	0.828556636841184	0.146	0.099	1.40220261611812e-22	c5	TMC8
5.5267749796795e-27	0.536968977857086	0.318	0.261	1.85356979268491e-22	c5	TDG
6.0504892530739e-27	0.446983386949856	0.43	0.377	2.02921308569592e-22	c5	USP15
6.29769723980386e-27	0.584326179940072	0.384	0.337	2.11212170028542e-22	c5	BST2
6.94405614507971e-27	0.419431434186768	0.449	0.395	2.32889754993683e-22	c5	PARP8
1.28815214391292e-26	0.718383329406705	0.19	0.138	4.32020466025515e-22	c5	ANKRD10
1.76273421039521e-26	2.4342287811512	0.015	0.004	5.91185799482346e-22	c5	PLK2
2.26758046701304e-26	0.682147308210572	0.198	0.146	7.60501137026832e-22	c5	UBE2H
2.50031532442443e-26	1.85629228890676	0.034	0.014	8.38555753505465e-22	c5	PRRG4
2.82336622983245e-26	0.733551415824989	0.208	0.156	9.46900566161207e-22	c5	GCH1
3.82718615130372e-26	0.847004689390713	0.126	0.083	1.28356169142424e-21	c5	IFFO2
4.02300861234321e-26	0.590026765248722	0.267	0.211	1.34923662840767e-21	c5	KLHL24
4.03738643118167e-26	0.480405638699	0.425	0.379	1.35405866128971e-21	c5	NFE2L2
5.36898066397905e-26	1.05014826151654	0.089	0.053	1.80064873508529e-21	c5	TSC22D2
7.50971271185122e-26	0.71741144516125	0.169	0.12	2.51860744930066e-21	c5	FOXO1
8.86131453625358e-26	0.446316348697158	0.425	0.376	2.97190766916872e-21	c5	TRIM22
9.86188407776578e-26	0.747761984649607	0.182	0.132	3.30747868200109e-21	c5	COG3
1.0896447435565e-25	1.2461953198809	0.05	0.025	3.65445054093979e-21	c5	RAB37
1.35731097589023e-25	0.567305389103136	0.261	0.206	4.55214955094066e-21	c5	RBM33
1.99092402963032e-25	0.477229295086199	0.369	0.315	6.67716101057417e-21	c5	ARAP2
2.29371527254484e-25	0.963251097981592	0.093	0.057	7.69266228106088e-21	c5	AC013394.1
2.46253252252777e-25	1.086273577308	0.086	0.052	8.25884157405363e-21	c5	ILF3-DT
2.98456737536026e-25	0.488809383990573	0.414	0.368	1.00096420634833e-20	c5	PPP4R2
3.13815013642169e-25	1.45609460184046	0.034	0.014	1.05247279275311e-20	c5	ZNF692
3.58661468724864e-25	0.695728946222987	0.186	0.136	1.20287883380945e-20	c5	LAX1
5.06373334950169e-25	1.30068155778898	0.062	0.033	1.69827489075588e-20	c5	LINC01089
5.24197915818755e-25	1.76089184904004	0.025	0.009	1.75805497007294e-20	c5	MUC12
5.9789689853325e-25	2.27526892058044	0.015	0.004	2.00522661830082e-20	c5	AL627171.1
9.1088222910924e-25	0.403078019428048	0.471	0.426	3.05491681998657e-20	c5	IFI16
9.40638655410395e-25	0.442065941508584	0.446	0.403	3.15471392251538e-20	c5	FGFR1OP2
1.00173594698843e-24	0.784576371453918	0.133	0.09	3.35962201900979e-20	c5	GPATCH3
1.00681396427678e-24	0.678138092752081	0.215	0.164	3.37665267339146e-20	c5	RIT1
1.04582859802066e-24	0.855107396143112	0.117	0.076	3.5074999520417e-20	c5	C18orf25
1.69493548707348e-24	0.627743002132873	0.222	0.17	5.68447463654704e-20	c5	RUNX2
2.33240912425267e-24	0.577837831334435	0.315	0.264	7.82243372091862e-20	c5	RBBP6
2.9365581263656e-24	0.770907230845819	0.112	0.073	9.84862864420494e-20	c5	ZNF317
3.32939418166577e-24	2.43263676783283	0.01	0.002	1.11661222064706e-19	c5	VASN
3.42044870388941e-24	1.27543370875145	0.047	0.023	1.14715008631043e-19	c5	PAQR3
4.1119060810844e-24	2.64327247178628	0.01	0.002	1.37905106147409e-19	c5	FOSL1
5.06112558623757e-24	0.665597747664494	0.197	0.147	1.69740029911235e-19	c5	ERO1B
5.1486256672202e-24	0.62980851732184	0.187	0.137	1.72674607627231e-19	c5	HAVCR2
6.03399631102178e-24	0.919339940396566	0.095	0.059	2.02368168279049e-19	c5	PPP2R2B
7.12736268996361e-24	0.501302469702156	0.319	0.266	2.39037489896e-19	c5	DCP1A
7.21515020025823e-24	1.96062399552955	0.019	0.006	2.41981707416261e-19	c5	AL645728.1
9.5457479786244e-24	0.432124359068696	0.412	0.361	3.20145295707105e-19	c5	CNOT6L
1.13127902725047e-23	0.263826315588829	0.791	0.783	3.79408360159262e-19	c5	MYADM
1.46974216007745e-23	0.409366645369086	0.617	0.61	4.92922125646776e-19	c5	SRSF3
1.72373813408093e-23	0.15086159999165	0.738	0.704	5.78107295408061e-19	c5	TUBA1B
1.85630810109632e-23	0.94120276982968	0.09	0.056	6.22568610945683e-19	c5	DXO
3.32009102438446e-23	0.443017474513816	0.368	0.314	1.11349212775806e-18	c5	SH2D1A
4.17978397591962e-23	0.476727601146024	0.31	0.255	1.40181594984392e-18	c5	HIPK1
4.68026252884295e-23	0.66056690840175	0.208	0.159	1.56966644692335e-18	c5	RNF125
4.75789851355176e-23	0.36301117372281	0.523	0.494	1.59570400347499e-18	c5	SCAND1
5.42738392379337e-23	1.51871266609252	0.033	0.015	1.82023602036182e-18	c5	FAM13A
6.07842660123774e-23	0.405428837557691	0.431	0.388	2.03858271352311e-18	c5	MTCH1
6.15324285235209e-23	1.30629798319187	0.049	0.025	2.06367458782184e-18	c5	AL451165.2
6.76547526940464e-23	1.42547819413296	0.038	0.018	2.26900509585293e-18	c5	ERV3-1
7.14664071180752e-23	1.1971991219682	0.077	0.046	2.39684036192601e-18	c5	CDKN2C
7.74153270144121e-23	0.783123296350259	0.138	0.096	2.59635523740935e-18	c5	TBC1D4
8.10584888310331e-23	0.857993827002678	0.093	0.058	2.71853959841519e-18	c5	SPATA2
8.74597818890155e-23	1.27376927980974	0.049	0.025	2.9332261649938e-18	c5	CHRM3-AS2
1.07939965714167e-22	0.542754373020803	0.28	0.23	3.62009057012173e-18	c5	IP6K2
1.14434274081317e-22	0.852132059702361	0.105	0.068	3.8378966841392e-18	c5	SMAD7
1.16978213558578e-22	2.32770090721475	0.012	0.003	3.92321532632759e-18	c5	FCRL6
1.27274055153907e-22	0.451879255092468	0.352	0.302	4.26851726175174e-18	c5	IL21R
1.57183454554761e-22	0.650091072708396	0.189	0.141	5.27161869885758e-18	c5	MED30
1.7029435235541e-22	1.12516242830489	0.066	0.038	5.71133198929576e-18	c5	ZNF296
1.74527060570108e-22	1.0178529252859	0.073	0.043	5.85328855740028e-18	c5	TMEM156
2.03332891745098e-22	1.35425318015351	0.051	0.027	6.81937852334711e-18	c5	AL355472.1
2.69321227195261e-22	1.11295622971513	0.068	0.04	9.03249531767466e-18	c5	PATL2
2.96573179347079e-22	0.423250127093942	0.396	0.349	9.94647128894234e-18	c5	MIER1
3.75369241291409e-22	1.68615457214465	0.03	0.013	1.25891336144313e-17	c5	E2F7
3.78794357683295e-22	2.32621837106105	0.015	0.004	1.27040051679823e-17	c5	AC084018.2
3.84227930427799e-22	0.331092048938449	0.625	0.591	1.28862363306875e-17	c5	CYTOR
5.22437090969373e-22	0.648146325652277	0.188	0.14	1.75214951569308e-17	c5	BCL2
5.36579406559849e-22	0.37409789924546	0.565	0.543	1.79958001372042e-17	c5	CCT2
5.37517040941409e-22	1.36597482073156	0.038	0.018	1.8027246519093e-17	c5	ATXN7.1
5.73572375535215e-22	2.21243302338795	0.018	0.006	1.92364703307e-17	c5	HIST1H3A
7.17813381994328e-22	1.20100410737069	0.046	0.024	2.40740252053258e-17	c5	NR1D1
7.93480822524376e-22	0.421298262328194	0.381	0.331	2.66117598258225e-17	c5	PHF20
8.52076700665681e-22	0.682346810305325	0.178	0.133	2.85769483869256e-17	c5	PYHIN1
8.67511381825149e-22	0.876212010135443	0.102	0.066	2.90945967236518e-17	c5	SELENOI
9.1657631750545e-22	0.705303194587035	0.378	0.34	3.07401365364978e-17	c5	PRNP
1.16939896827325e-21	0.766868118119054	0.136	0.095	3.92193025979483e-17	c5	SERTAD2
1.46896085706529e-21	0.682976590946915	0.169	0.125	4.92660092242556e-17	c5	SCML4
1.60721488473203e-21	1.03349053395329	0.068	0.04	5.39027728041428e-17	c5	IER5L
2.24957395918606e-21	0.311680708696668	0.54	0.51	7.54462114431822e-17	c5	RSL24D1
2.88641588815743e-21	0.647632612399605	0.186	0.14	9.68046160570239e-17	c5	KAT7
3.57225731074228e-21	0.617097555839625	0.215	0.168	1.19806365687675e-16	c5	ARIH1
3.58892215196339e-21	0.934310865898102	0.086	0.054	1.20365271132548e-16	c5	CD80
3.71625390788454e-21	2.34644559018774	0.011	0.003	1.24635723562632e-16	c5	LINC01970
4.04071312601868e-21	0.632961264726226	0.19	0.144	1.35517436820414e-16	c5	ALG13
4.26562901556016e-21	0.732221690163565	0.14	0.1	1.43060665923857e-16	c5	IFI44
4.42293662161998e-21	0.617290091199885	0.201	0.154	1.48336448415891e-16	c5	CCNT1
6.65222317109688e-21	0.720919076148799	0.149	0.108	2.23102260712247e-16	c5	KDM6A
6.81201891908117e-21	0.420513438438787	0.499	0.473	2.28461490508144e-16	c5	CDKN1B
7.13133851838274e-21	1.22349327902802	0.049	0.026	2.3917083122952e-16	c5	ASH1L-AS1
1.01790922229269e-20	0.339549154270779	0.486	0.447	3.41386394972524e-16	c5	YWHAE
1.32423845191289e-20	0.332269769743009	0.758	0.747	4.44123092002545e-16	c5	SAT1
1.32956100704703e-20	0.586172499051973	0.239	0.193	4.45908170543434e-16	c5	NRBF2
1.3489146445808e-20	0.425070059089187	0.413	0.37	4.52398993499507e-16	c5	TAF7
1.76152604154648e-20	0.340047727648472	0.524	0.496	5.9078060381386e-16	c5	ZNF207
2.28259393000669e-20	1.29252757286206	0.039	0.019	7.65536352245645e-16	c5	LINC00158
2.41383685222352e-20	0.479177266613833	0.292	0.242	8.09552603498723e-16	c5	TM2D3
2.4753246774299e-20	0.461356127159787	0.439	0.406	8.30174390316439e-16	c5	STARD7
2.64099195255305e-20	0.502056619100334	0.294	0.245	8.8573588104724e-16	c5	CENPC
2.94929786629618e-20	0.362688246701068	0.462	0.422	9.89135518398414e-16	c5	ELOVL5
3.12446070545157e-20	0.537332968360863	0.307	0.259	1.04788163139435e-15	c5	PDE4B
3.36166966994254e-20	0.871056680308429	0.097	0.063	1.12743677390533e-15	c5	PHTF2
4.14826517415923e-20	0.743203874535152	0.176	0.133	1.39124517410952e-15	c5	POLR1E
4.55219795326865e-20	0.473967384844235	0.326	0.278	1.52671614956724e-15	c5	GNA13
6.16097662714867e-20	0.895942528763838	0.068	0.04	2.06626834121312e-15	c5	RGS9
7.18008232895367e-20	0.639485832877882	0.19	0.146	2.40805601148448e-15	c5	NUFIP2
9.28927944525233e-20	0.860809915922202	0.088	0.057	3.11543854034873e-15	c5	AC025159.1
9.80049203330396e-20	0.950473916786387	0.08	0.05	3.28688901812948e-15	c5	BNIP1
9.92586657332216e-20	0.716350132585976	0.134	0.096	3.32893713136079e-15	c5	DENND1C
1.22796077685494e-19	0.410991388593405	0.393	0.351	4.11833485341608e-15	c5	LUC7L2
1.25571005437721e-19	0.838324548881003	0.083	0.052	4.21140038037029e-15	c5	NUFIP1
1.43187164069656e-19	0.766213096040611	0.147	0.108	4.80221110856813e-15	c5	SNHG9
1.54600998464646e-19	0.874450637554847	0.089	0.058	5.18500828650728e-15	c5	DNAJC27
1.64589567060245e-19	0.67924603594982	0.223	0.178	5.5200049000665e-15	c5	SLAMF1
1.7039331255893e-19	0.693310414809083	0.156	0.115	5.71465091660138e-15	c5	JARID2
1.9084973297013e-19	2.31923239133775	0.013	0.004	6.40071834435223e-15	c5	AL139274.2
2.75004892621226e-19	0.240889319475096	0.634	0.579	9.22311408873068e-15	c5	GZMH
2.87868830246143e-19	0.480588025624213	0.316	0.272	9.65454482879513e-15	c5	RAB1A
2.96457284595247e-19	0.303675569806265	0.644	0.637	9.94258441075541e-15	c5	CFLAR
3.09997046802704e-19	0.73015246671301	0.132	0.094	1.03966809556691e-14	c5	AOAH
3.27815683505234e-19	1.76675657909542	0.022	0.009	1.09942823933986e-14	c5	CHRNA5
5.45621490033631e-19	0.778732233907177	0.127	0.09	1.82990535327479e-14	c5	LINC02195
6.0556368858626e-19	0.252743196543034	0.52	0.474	2.0309394987806e-14	c5	TNFRSF9
7.15292379215462e-19	0.501634571549095	0.281	0.234	2.39894758141282e-14	c5	BACH1
7.60674528855614e-19	0.577741651611413	0.19	0.147	2.55115023487596e-14	c5	SUPV3L1
8.240790850451e-19	0.922688777308519	0.071	0.043	2.76379643542426e-14	c5	HECTD2
9.06252313887945e-19	1.5040146889668	0.031	0.014	3.03938901031739e-14	c5	RIPK2
9.58634610908361e-19	0.502083246675758	0.266	0.22	3.21506875806446e-14	c5	PPP2R2A
9.64748200656927e-19	1.95475873357731	0.016	0.006	3.2355725153632e-14	c5	RASL11A
9.8835940572994e-19	0.505619764187179	0.265	0.219	3.31475977493707e-14	c5	NFAT5
1.00230376588379e-18	0.36856829112154	0.453	0.419	3.36152637002104e-14	c5	RHEB
1.10998237374895e-18	2.18488180185089	0.012	0.004	3.72265888507924e-14	c5	AC106739.2
1.29594401793177e-18	0.505663506950136	0.281	0.236	4.34633704733956e-14	c5	GPRIN3
1.35026518182919e-18	1.72091787513272	0.021	0.008	4.52851936681875e-14	c5	EPS8
1.37190245006373e-18	1.4871809107034	0.026	0.011	4.60108643702375e-14	c5	SLC19A2
1.43742510035225e-18	0.68947589150771	0.183	0.141	4.82083630156138e-14	c5	H2AFJ
1.44672069495984e-18	0.943567029508384	0.063	0.038	4.85201186675633e-14	c5	KLRC4
1.77300367189152e-18	0.586773889332355	0.318	0.275	5.94629971478977e-14	c5	TIFA
1.90666972642199e-18	0.849542581637336	0.097	0.065	6.39458892847406e-14	c5	KDM4C
2.27837232875215e-18	0.666478764455639	0.142	0.103	7.64120511616896e-14	c5	SOCS3
2.60243516359445e-18	0.790622707516551	0.16	0.121	8.72804705166306e-14	c5	GNA15
2.76625918206242e-18	1.24653760463687	0.043	0.023	9.27748004480094e-14	c5	AL137003.1
2.77199910437278e-18	0.347294213808282	0.464	0.427	9.29673059624543e-14	c5	SMCHD1
3.26096783904826e-18	1.10604469415569	0.041	0.022	1.09366339386001e-13	c5	OTUD3
4.01969382844497e-18	0.811876806483661	0.116	0.082	1.34812491618387e-13	c5	ZNF821
4.11619194826469e-18	0.376066949003467	0.453	0.417	1.38048845560901e-13	c5	HNRNPH3
4.27402923832462e-18	0.619770658766153	0.188	0.146	1.43342392594931e-13	c5	CNST
4.59103141765667e-18	0.524580395989335	0.262	0.216	1.53974011685369e-13	c5	GBP5
5.55864858763885e-18	0.459257780689165	0.279	0.233	1.86425956332232e-13	c5	UBL3
7.12725219886589e-18	0.684322908069349	0.181	0.14	2.39033784245564e-13	c5	HEXIM1
9.7872193974527e-18	0.74105252144504	0.095	0.064	3.28243764151769e-13	c5	FEM1C
1.04069021284967e-17	2.05203348075518	0.011	0.003	3.49026683585523e-13	c5	AL136987.1
1.0448966629102e-17	0.713741664752956	0.127	0.091	3.50437442806822e-13	c5	RELL1
1.07604745601758e-17	0.61455237999347	0.191	0.15	3.60884795799177e-13	c5	TBX21
1.44341141658081e-17	0.570548166822842	0.176	0.135	4.84091320892872e-13	c5	CCNT2
1.50273847036397e-17	0.475913392859279	0.269	0.222	5.03988428190669e-13	c5	CPD
1.68357936101009e-17	0.633823950901405	0.204	0.162	5.64638846095562e-13	c5	CD70
1.69387720142669e-17	0.822317024469346	0.117	0.083	5.68092535814484e-13	c5	GABPB1-AS1
1.75809223860432e-17	0.479262329888905	0.344	0.307	5.89628974983118e-13	c5	MORF4L2
1.87243791435267e-17	0.936548817384275	0.079	0.051	6.27978227715599e-13	c5	PVT1
1.91844417711247e-17	0.451898124700936	0.295	0.251	6.43407808119982e-13	c5	TFIP11
1.96521667288221e-17	0.441058540516255	0.324	0.281	6.59094367751236e-13	c5	COPS3
2.16880401821129e-17	0.488115941126469	0.329	0.285	7.27373491627704e-13	c5	PTTG1
2.27506078083436e-17	0.50056073982434	0.287	0.247	7.63009884676227e-13	c5	PSMD12
3.02823799166222e-17	0.823705683655202	0.104	0.072	1.01561045764368e-12	c5	PRMT9
3.24693451683298e-17	1.86439318426016	0.021	0.009	1.08895689825545e-12	c5	ANKRD35
3.28854318650971e-17	0.542380280132464	0.253	0.212	1.10291161389163e-12	c5	REX1BD
3.36240575942678e-17	1.85388327840738	0.01	0.003	1.12768364359655e-12	c5	AL135791.1
3.52121986950197e-17	0.361175105821987	0.387	0.344	1.18094671983357e-12	c5	PRKCH
3.52779870787799e-17	0.657946019942599	0.168	0.129	1.18315313064812e-12	c5	CGAS
3.75901099469699e-17	0.592816992145239	0.16	0.121	1.26069710740148e-12	c5	IKZF5
3.95407794761705e-17	0.626184203827658	0.19	0.15	1.32611866207181e-12	c5	RNF139
4.24405546373504e-17	0.493871913662919	0.236	0.193	1.42337132142746e-12	c5	ATF2
4.61437611762801e-17	0.7242158134567	0.103	0.071	1.54756946233008e-12	c5	ADNP2
6.24158055707997e-17	0.462812802838017	0.288	0.245	2.09330128723348e-12	c5	PNPLA8
6.28076177273979e-17	0.298261636993692	0.512	0.488	2.10644188334147e-12	c5	ZC3H15
6.59451588048e-17	0.292158488734478	0.593	0.574	2.21166873599538e-12	c5	HCST
7.11394403335545e-17	0.749447226910992	0.127	0.093	2.38587454990675e-12	c5	TRAF5
7.16382946488385e-17	0.874321366924381	0.079	0.051	2.40260512593275e-12	c5	THAP9-AS1
7.36075382992913e-17	0.613731452794742	0.139	0.103	2.46864961948163e-12	c5	MDM4
8.23330257682458e-17	1.69125589232837	0.017	0.006	2.76128501821543e-12	c5	AP003472.2
9.8705367124736e-17	0.732940867473716	0.105	0.074	3.3103806026294e-12	c5	ZUP1
1.16551444220354e-16	0.890195001325861	0.063	0.039	3.90890233626224e-12	c5	LINC00426
1.19417253195217e-16	0.56723048390413	0.243	0.202	4.0050158376612e-12	c5	ARHGAP15
1.27157224760878e-16	1.53599973757604	0.019	0.007	4.26459900403033e-12	c5	ST6GALNAC3
1.3105781503635e-16	1.68572632827341	0.015	0.005	4.3954170006891e-12	c5	AC013264.1
1.41204772054137e-16	0.689984337414728	0.143	0.107	4.73572564515164e-12	c5	ABHD3
1.456402136815e-16	0.815087714534867	0.106	0.075	4.88448148645016e-12	c5	HIBCH
1.57693290060572e-16	1.67609422794544	0.015	0.006	5.28871756205146e-12	c5	AC093635.1
1.81297165312675e-16	0.436803639094142	0.326	0.285	6.08034433025651e-12	c5	DENND4A
1.85101205266659e-16	0.618957032836245	0.164	0.126	6.20792422223321e-12	c5	MED21
1.94608272662632e-16	0.71376562873632	0.11	0.078	6.52677224855936e-12	c5	CCDC117
1.99949106074248e-16	0.558545145705266	0.205	0.165	6.70589311951814e-12	c5	SUCO
2.16063101982401e-16	0.402503572645273	0.361	0.322	7.24632431428578e-12	c5	RBMX
2.38495882870914e-16	0.591383382236339	0.169	0.13	7.99867491972471e-12	c5	GTPBP1
2.98995276862694e-16	1.19289951279979	0.036	0.019	1.0027703595421e-11	c5	AVPI1
3.10574341877087e-16	0.611732712262605	0.154	0.117	1.04160422778737e-11	c5	BROX
3.20303873512045e-16	0.728225735583183	0.143	0.107	1.0742351309847e-11	c5	MLF1
3.3177281523258e-16	0.318947608348948	0.506	0.486	1.11269966772703e-11	c5	MED10
3.32699378188185e-16	1.90631552854038	0.011	0.003	1.11580717456753e-11	c5	EFNB2
3.34722953934031e-16	0.498390558647384	0.28	0.238	1.12259384290395e-11	c5	WHAMM
3.53275007302057e-16	2.01878534512674	0.01	0.003	1.18481371948964e-11	c5	AL136038.3
3.62104519053285e-16	0.577094613120603	0.167	0.128	1.21442613600091e-11	c5	MRPL1
3.9982233231767e-16	0.407443459206551	0.35	0.309	1.340924138127e-11	c5	OGA
4.02285673295208e-16	1.01210789287671	0.06	0.037	1.34918569109747e-11	c5	CSF1
4.33790987963523e-16	0.600556003212977	0.214	0.175	1.45484821543206e-11	c5	PELO
4.51215143946367e-16	0.45756341318734	0.318	0.28	1.51328534976733e-11	c5	RNASEK
4.57541778754915e-16	0.728269930786654	0.104	0.073	1.53450361758823e-11	c5	STAMBPL1
4.63721948175825e-16	0.968141087715976	0.059	0.036	1.55523066979208e-11	c5	STARD4
4.74407135677852e-16	0.520175741825016	0.255	0.214	1.59106665163638e-11	c5	TOB2
5.45944673261246e-16	1.78815745109327	0.014	0.005	1.83098924518357e-11	c5	FUT8-AS1
6.06965119921924e-16	0.486806216961444	0.248	0.208	2.03563961919415e-11	c5	RBM18
6.44163509772586e-16	0.10695687249715	0.984	0.991	2.1603955790753e-11	c5	SRGN
7.33114607537572e-16	0.428076695146439	0.306	0.264	2.45871977075951e-11	c5	CASP8
7.47200238139319e-16	0.310707494628886	0.484	0.455	2.50596015867165e-11	c5	DDX21
8.78050392465701e-16	0.774782275179795	0.077	0.05	2.94480540625147e-11	c5	ATG14
8.94417944130312e-16	0.615941872975046	0.15	0.114	2.99969890102424e-11	c5	PDZD8
9.62500015492008e-16	0.757719962679945	0.082	0.055	3.2280325519571e-11	c5	EPC2
1.01561912913278e-15	0.794303416823732	0.093	0.064	3.40618343528551e-11	c5	KLHL6
1.04627130850395e-15	1.7430335671267	0.012	0.004	3.50898471446055e-11	c5	MZF1-AS1
1.33725140468802e-15	0.994695891722736	0.043	0.024	4.48487376104269e-11	c5	AC016065.1
1.37947295645157e-15	0.765946305055503	0.093	0.064	4.62647640134727e-11	c5	PIGA
1.45496714076915e-15	0.652531308454537	0.143	0.108	4.87966879671156e-11	c5	UBALD2
1.47702428959346e-15	2.20522557699527	0.01	0.003	4.95364406243854e-11	c5	AC099778.1
1.68267280407109e-15	0.58460644566575	0.195	0.156	5.64334805029362e-11	c5	MAPK6
2.04657155848199e-15	1.46783270303881	0.018	0.007	6.86379169283691e-11	c5	SPRY2
2.06849209309477e-15	0.293660849193333	0.504	0.484	6.93730878182123e-11	c5	RSL1D1
2.66325171304924e-15	0.394898044607504	0.403	0.37	8.93201359522454e-11	c5	PRPF4B
2.72883562774221e-15	0.487387253184276	0.249	0.21	9.15196892832182e-11	c5	ETNK1
3.62102756503722e-15	1.55187797946045	0.015	0.005	1.21442022476218e-10	c5	RNF122
3.76487426739012e-15	0.580308818209198	0.159	0.123	1.2626635317973e-10	c5	PTS
4.02317938648401e-15	1.16564572277116	0.172	0.136	1.34929390263901e-10	c5	XCL1
4.35508155434442e-15	0.667237829570206	0.128	0.095	1.46060725169603e-10	c5	HELB
4.40534727805171e-15	0.959654485063734	0.053	0.032	1.47746537011298e-10	c5	BISPR
4.48108440862417e-15	0.317735313244325	0.433	0.391	1.50286608896437e-10	c5	PIM2
4.69561228552644e-15	0.582282953934678	0.149	0.113	1.57481444831986e-10	c5	YTHDF3
4.72019952267666e-15	0.420401672633286	0.799	0.842	1.5830605159153e-10	c5	SOD1
4.96396392033962e-15	0.677980800771268	0.119	0.087	1.6648142196035e-10	c5	SMURF2
5.32017111734298e-15	0.500669799898013	0.244	0.206	1.78427898933449e-10	c5	ATG101
6.21606310363462e-15	1.12063591739539	0.041	0.023	2.08474324369698e-10	c5	C17orf67
7.08634635594258e-15	0.162013418104478	0.955	0.968	2.37661884085602e-10	c5	CALM1
7.6507810459013e-15	0.390436599809493	0.345	0.309	2.56591894717438e-10	c5	SMNDC1
7.70038872257303e-15	1.47592124612523	0.026	0.012	2.58255636977654e-10	c5	ARL4D
1.07237030573125e-14	0.519133642832175	0.211	0.174	3.59651553136146e-10	c5	MFSD14A
1.09755189077807e-14	0.492647214145398	0.253	0.215	3.68096953129148e-10	c5	SKAP1
1.20419773314821e-14	0.891956038667539	0.07	0.045	4.03863835743248e-10	c5	SLC9A9
1.23464629805023e-14	0.518647012013701	0.205	0.167	4.14075675440086e-10	c5	ZFC3H1
1.26467272744506e-14	1.19863043488187	0.041	0.023	4.24145939330525e-10	c5	AC006449.6
1.32163662727323e-14	0.439075204442091	0.306	0.267	4.43250492054895e-10	c5	RALGAPA1
1.38420289287197e-14	0.926283827056458	0.048	0.028	4.642339662114e-10	c5	DUSP8
1.55357352829351e-14	0.594037706783573	0.126	0.094	5.21037489919078e-10	c5	NECAP1
1.66785233404994e-14	0.771465181854332	0.074	0.049	5.59364315793668e-10	c5	AC007384.1
1.67650779554659e-14	0.367850168160299	0.377	0.343	5.62267184470417e-10	c5	EIF4A1
1.68923645679344e-14	0.842496111293634	0.08	0.055	5.66536122879383e-10	c5	B4GALT4
1.94398730507133e-14	0.448535659151263	0.289	0.252	6.51974462374822e-10	c5	AFF4
2.00756606382643e-14	1.11791056919386	0.043	0.025	6.73297506486107e-10	c5	AC004865.2
2.03492111990699e-14	0.475590451534344	0.248	0.21	6.82471845194406e-10	c5	DCP2
2.04023056148029e-14	0.627857603483746	0.112	0.081	6.84252525709259e-10	c5	MYO7A
2.51985084680094e-14	0.672052107921242	0.111	0.08	8.45107577000101e-10	c5	FUT8
2.91553202658058e-14	0.601603459567218	0.119	0.088	9.77811131074595e-10	c5	RBM7
2.92600522791697e-14	0.400408033023407	0.407	0.377	9.81323633338792e-10	c5	LYST
2.98782664315726e-14	1.87488623626853	0.011	0.004	1.00205729958208e-09	c5	AC004854.2
3.77698998726283e-14	1.15089956201796	0.038	0.021	1.26672690192821e-09	c5	IRF8
4.06926021355366e-14	1.55949665330902	0.019	0.008	1.36474849042163e-09	c5	AL121944.1
4.28523750790615e-14	0.33500113221881	0.417	0.384	1.43718295540157e-09	c5	ACAP1
5.24936950172815e-14	0.628828545132369	0.126	0.095	1.76053354348959e-09	c5	C6orf226
5.25056503013264e-14	0.405934985318713	0.305	0.267	1.76093449980589e-09	c5	TNFRSF14
5.38228713276753e-14	0.454975822397732	0.27	0.231	1.80511145858757e-09	c5	CSNK1G3
6.62895616041561e-14	1.79986239143126	0.015	0.006	2.22321931708019e-09	c5	AC112721.2
6.74313083852277e-14	0.60402892819442	0.131	0.1	2.26151122062377e-09	c5	PDRG1
7.0723812426316e-14	1.01853239463417	0.069	0.046	2.37193522115379e-09	c5	CLECL1
7.12233812418788e-14	0.851696796649204	0.076	0.052	2.38868976009013e-09	c5	AC058791.1
7.87656983715833e-14	0.453362018033308	0.305	0.269	2.64164399198616e-09	c5	ITGB2
8.40133453769952e-14	1.78718768713366	0.017	0.007	2.81763957725367e-09	c5	KCNK1
8.63242832671626e-14	1.12721861930477	0.031	0.016	2.8951438122141e-09	c5	TMEM44-AS1
9.04357278292857e-14	1.24488970213381	0.036	0.02	3.03303343993858e-09	c5	KIF18A
1.00131689892308e-13	0.494460243055961	0.252	0.216	3.35821661560824e-09	c5	MOB4
1.01946345788171e-13	1.36448788166018	0.027	0.014	3.41907654504368e-09	c5	ZBTB10
1.04219189843357e-13	1.73949061433027	0.015	0.006	3.49530318896649e-09	c5	TCTE3
1.14869015147755e-13	0.263318368302925	0.768	0.771	3.8524770300254e-09	c5	H2AFZ
1.45939578890093e-13	0.479739918208168	0.229	0.193	4.89452159681593e-09	c5	CRNKL1
1.65753236044397e-13	0.604760300716696	0.2	0.165	5.55903203045699e-09	c5	UAP1
1.80489690611672e-13	0.473260739683762	0.233	0.196	6.05326324373427e-09	c5	CDC37L1
1.81586333445409e-13	0.639138122399731	0.166	0.133	6.09004245109212e-09	c5	HIST3H2A
1.90712683668288e-13	0.375395433744216	0.357	0.322	6.39612198486706e-09	c5	HNRNPH1
1.95374824172157e-13	0.395384174047772	0.377	0.346	6.5524808530858e-09	c5	DNTTIP2
1.97430053015069e-13	0.433329417244623	0.242	0.203	6.62140911801938e-09	c5	LPIN1
2.03042864698724e-13	0.420649266244572	0.24	0.201	6.80965159626581e-09	c5	CLK4
2.06893478416984e-13	0.858175858095325	0.073	0.049	6.93879347914881e-09	c5	OSBPL3
2.3099892085739e-13	0.675800276053955	0.103	0.074	7.74724180771514e-09	c5	WEE1
2.33579293052432e-13	0.667575682458465	0.122	0.092	7.83378233039247e-09	c5	GMDS
2.34769801058615e-13	1.01205381048251	0.037	0.021	7.87370958790382e-09	c5	NFIL3
2.3855672305016e-13	1.60648498394274	0.017	0.007	8.00071537765627e-09	c5	TENT5A
2.47520758643664e-13	0.274488109427711	0.536	0.514	8.3013512033912e-09	c5	PTPN22
2.62221249086644e-13	1.90300040294638	0.01	0.003	8.79437625186787e-09	c5	AC022364.1
2.72345818938744e-13	0.41377694659234	0.299	0.264	9.1339340755676e-09	c5	CDK17
2.72403004283696e-13	0.745964135060779	0.102	0.074	9.13585195766658e-09	c5	SDC4
2.81895704365462e-13	0.975671999364086	0.046	0.027	9.45421813300886e-09	c5	FARS2
2.9001345314653e-13	0.624554168252209	0.145	0.112	9.72647119162834e-09	c5	C16orf87
3.00681831163726e-13	0.659541181014568	0.139	0.107	1.0084267253569e-08	c5	XAF1
3.01896669251026e-13	0.628001119674787	0.119	0.089	1.01250104933409e-08	c5	FBXO11
3.29983885608241e-13	0.464691417149304	0.263	0.229	1.10669995555292e-08	c5	NUP58
3.54038610862643e-13	0.399309652100204	0.372	0.343	1.18737469311113e-08	c5	PAF1
3.54686404928831e-13	0.543891973799487	0.163	0.129	1.18954726485031e-08	c5	LATS1
3.62339047523557e-13	1.09257542869515	0.033	0.018	1.21521269758451e-08	c5	AC012306.2
4.01443365088327e-13	0.226343624472305	0.809	0.833	1.34636075783323e-08	c5	GNG2
4.40493058826909e-13	0.57890686215208	0.126	0.095	1.47732562069369e-08	c5	SUSD6
5.24159074216034e-13	0.424803879925914	0.304	0.268	1.75792470310573e-08	c5	LRMP
6.34356310046249e-13	0.427641328375572	0.262	0.225	2.12750419263311e-08	c5	KAT6B
6.872377638315e-13	0.608499297774757	0.146	0.115	2.30485801233808e-08	c5	EIF1AD
7.12917077290305e-13	1.01242745902133	0.054	0.034	2.39098129381623e-08	c5	HES4
7.29252954588448e-13	0.328432779111234	0.441	0.42	2.44576855909874e-08	c5	YTHDF2
7.58654575431476e-13	0.765177985363578	0.049	0.03	2.54437571508209e-08	c5	CD244
8.46332922632019e-13	0.405738872157458	0.418	0.382	2.83843135592327e-08	c5	DDIT4
8.49954449480464e-13	0.93270994413292	0.055	0.035	2.85057723266758e-08	c5	DGKH
8.69868384664691e-13	0.671113641564675	0.117	0.088	2.91736458848844e-08	c5	KCTD5
8.80021918675452e-13	0.764681195325203	0.064	0.043	2.95141751085373e-08	c5	THUMPD2
8.93294865594031e-13	0.672244592461176	0.113	0.084	2.99593232022926e-08	c5	LUZP1
9.00308172930934e-13	1.60234628365183	0.017	0.007	3.01945355037577e-08	c5	SCD
9.27657440733531e-13	0.492639090622316	0.216	0.182	3.11117752473212e-08	c5	TMEM263
1.00445353738905e-12	1.95255389405945	0.011	0.004	3.36873627369541e-08	c5	AC023157.3
1.18283683161121e-12	0.228782091608885	0.648	0.649	3.96699816585768e-08	c5	SERP1
1.18510821200358e-12	0.65133803672977	0.284	0.254	3.97461592141759e-08	c5	AC004687.1
1.22580689872314e-12	0.649705769448141	0.128	0.098	4.11111117693768e-08	c5	KHDC4
1.47336818580728e-12	1.75517203658413	0.01	0.003	4.94138222156047e-08	c5	AC010331.1
1.52227346489464e-12	0.775132032326215	0.066	0.044	5.10540074656366e-08	c5	PTPRK
1.53053969179096e-12	1.10803025265258	0.026	0.013	5.13312401832853e-08	c5	HIST4H4
1.66670036483626e-12	0.730245006529159	0.089	0.064	5.58977968358786e-08	c5	NUDT15
1.68280559658236e-12	0.97485685134673	0.032	0.017	5.64379340981792e-08	c5	AP005482.1
1.71018615918493e-12	0.365329004729653	0.325	0.29	5.7356223406744e-08	c5	CGGBP1
1.84483510895594e-12	0.454326264993071	0.232	0.196	6.18720798841643e-08	c5	UHRF2
1.87725762152731e-12	0.253069904777903	0.595	0.588	6.29594661107828e-08	c5	ETS1
1.9197856338491e-12	1.64258626900158	0.015	0.006	6.4385770588031e-08	c5	MAP2K6
2.02673922942593e-12	1.08369362340707	0.033	0.018	6.79727802764869e-08	c5	KCNQ1OT1
2.08743321459997e-12	2.10962655830205	0.013	0.005	7.00083351512538e-08	c5	CHAC1
2.34452384716833e-12	0.734803298366366	0.088	0.062	7.86306407863313e-08	c5	NAA16
2.34750762228816e-12	0.744184153754069	0.064	0.043	7.87307106363003e-08	c5	NFYA
2.43639089947183e-12	0.621822790566378	0.113	0.085	8.17116779864862e-08	c5	EDRF1
2.43798354817797e-12	0.385243098437771	0.41	0.389	8.17650922387928e-08	c5	BAZ1A
2.51625101545085e-12	0.51829481271997	0.16	0.128	8.43900265561907e-08	c5	C21orf91
2.75466948622832e-12	0.864859119672525	0.052	0.033	9.23861052291254e-08	c5	LETM2
3.25609262695304e-12	0.681357500795028	0.081	0.057	1.09202834522751e-07	c5	TIMM23B
3.39580151330407e-12	0.432552854517664	0.284	0.253	1.13888391153192e-07	c5	ZBTB43
3.45550809402887e-12	1.59934696764801	0.015	0.006	1.1589083045754e-07	c5	AL139089.1
3.5020525319358e-12	1.09540686218318	0.028	0.015	1.17451837816063e-07	c5	AC022916.1
3.65245355541805e-12	0.706899641151973	0.122	0.093	1.22495987341611e-07	c5	THAP2
4.02283166903407e-12	0.537547097991202	0.174	0.141	1.34917728516065e-07	c5	INO80D
4.08276936653265e-12	0.433173039318	0.245	0.208	1.36927919014772e-07	c5	TARSL2
4.19578737092702e-12	1.51677711828748	0.015	0.006	1.4071831684615e-07	c5	AL359513.1
4.25365153816876e-12	0.334319606647558	0.394	0.368	1.42658965287104e-07	c5	STAU1
4.66444712044253e-12	0.388494585561651	0.287	0.253	1.56436227525401e-07	c5	ZPR1
4.9405988308255e-12	0.334319195994394	0.334	0.297	1.65697803588226e-07	c5	SMC4
5.51994365717236e-12	0.336630674067524	0.373	0.344	1.85127870374247e-07	c5	WBP11
5.8966537335714e-12	0.711633110326411	0.081	0.058	1.97761972916517e-07	c5	VAMP1
6.23871746203181e-12	0.428496148887107	0.251	0.217	2.09234106241623e-07	c5	STOM
6.5046397186014e-12	0.573266417051639	0.147	0.117	2.18152606882454e-07	c5	ARID2
6.79087594233387e-12	0.48930515878486	0.171	0.138	2.27752397353993e-07	c5	ZNF831
6.86358954715566e-12	0.577783502320859	0.266	0.237	2.30191066232506e-07	c5	ATP6V1B2
7.24645778033215e-12	0.873014269609719	0.544	0.571	2.43031701036779e-07	c5	CACYBP
7.31431366050723e-12	0.825146972467892	0.054	0.035	2.45307451546092e-07	c5	PLCB2
7.70155380974122e-12	0.487044726656467	0.247	0.215	2.58294711671101e-07	c5	LAMTOR3
8.71165444927635e-12	1.52305083312373	0.015	0.006	2.9217146691983e-07	c5	PIF1
9.23311916008759e-12	0.533148786302435	0.296	0.268	3.09660350391018e-07	c5	PNP
9.36639339235643e-12	1.82437903985428	0.017	0.008	3.1413010159285e-07	c5	AL355075.4
1.01336789088806e-11	0.766466480422523	0.047	0.03	3.39863323246038e-07	c5	HSPA14
1.02864149077871e-11	1.25178018751351	0.021	0.01	3.44985783177365e-07	c5	LINC02328
1.03847958602133e-11	0.44766346870843	0.21	0.176	3.48285283559834e-07	c5	ELOA
1.08931717974542e-11	0.580521083356592	0.125	0.096	3.65335195743019e-07	c5	SNIP1
1.15921497077807e-11	0.816060759426136	0.056	0.036	3.8877751689955e-07	c5	HOTAIRM1
1.18837178746591e-11	1.18273156022069	0.021	0.01	3.98556130080318e-07	c5	AC027644.3
1.28102367479423e-11	0.394796335695569	0.279	0.246	4.29629720052488e-07	c5	PUM1
1.30593260032217e-11	0.74695476726811	0.073	0.051	4.37983675496049e-07	c5	FBXO44
1.34515351094172e-11	0.667115832469315	0.09	0.065	4.51137584499633e-07	c5	FAM172A
1.35777408175756e-11	0.402076392530735	0.294	0.262	4.55370271539852e-07	c5	CCDC174
1.56555385990581e-11	1.46677223588223	0.021	0.01	5.2505545353521e-07	c5	AL162377.1
1.61323881694135e-11	0.530472033294216	0.153	0.122	5.41048034425789e-07	c5	CEP85L
1.61366684180443e-11	0.465723844815554	0.224	0.191	5.41191585404371e-07	c5	ZMYM5
1.62252435413704e-11	0.699747504078104	0.277	0.252	5.4416221789048e-07	c5	MRPL18
1.62489589357623e-11	0.168622186133164	0.794	0.818	5.44957584787596e-07	c5	ATP6V0C
1.69281111208922e-11	1.5084121234615	0.013	0.005	5.67734990772482e-07	c5	IL23R
1.94722022254867e-11	0.582473962449648	0.133	0.104	6.53058718238371e-07	c5	TOGARAM1
2.01177789451981e-11	0.789282787357245	0.069	0.047	6.74710070264053e-07	c5	NABP1
2.07057631480411e-11	0.631621519006971	0.104	0.078	6.94429884459002e-07	c5	TLE4
2.13486102941705e-11	0.419812648492878	0.227	0.192	7.15989692045891e-07	c5	CA5B
2.16871876585165e-11	0.922202804478943	0.037	0.022	7.27344899691326e-07	c5	NIPAL4
2.16925153626386e-11	0.532263444510827	0.137	0.107	7.27523580232172e-07	c5	ANKRD36C
2.19627024047662e-11	0.775984714412987	0.058	0.039	7.3658511325105e-07	c5	ZNF473
2.20666121144294e-11	0.843470117802909	0.07	0.049	7.40070037093733e-07	c5	STX8
2.4171289900784e-11	0.565299958102304	0.175	0.144	8.10656720692494e-07	c5	BZW2
2.41831345017513e-11	0.379006213868888	0.365	0.339	8.11053964919736e-07	c5	CNOT2
3.1760122071688e-11	0.316517355371423	0.417	0.395	1.06517097404027e-06	c5	POLR2K
3.28257616802701e-11	1.6760956662735	0.011	0.004	1.1009103952329e-06	c5	NKILA
3.3464136490276e-11	0.826439607533379	0.061	0.042	1.12232020961088e-06	c5	CARNMT1
3.80675278772578e-11	0.316303977533463	0.414	0.39	1.27670874994747e-06	c5	RAB14
3.8960752715705e-11	0.287364968680176	0.378	0.344	1.30666572457931e-06	c5	THEMIS
3.98906214486943e-11	0.413388871138956	0.245	0.212	1.33785166214631e-06	c5	PSTPIP1
4.25948473206495e-11	0.399541803952877	0.244	0.211	1.42854598943994e-06	c5	RBM4
4.52325009726892e-11	0.575182629218782	0.181	0.149	1.51700761762205e-06	c5	TNFSF4
4.57282801460807e-11	0.270079167387226	0.504	0.481	1.53363505953925e-06	c5	RNF213
5.00745853753275e-11	0.488457344282297	0.208	0.176	1.67940144431773e-06	c5	RASSF1
5.35605038963767e-11	1.82068343198496	0.012	0.005	1.79631217967668e-06	c5	CHRNA1
5.35779089818628e-11	1.73159663051914	0.01	0.004	1.79689591143372e-06	c5	AC034236.2
5.41764747679871e-11	0.42498269530959	0.255	0.222	1.81697061076875e-06	c5	TOR1AIP1
5.76489211970781e-11	0.730496195882725	0.057	0.038	1.9334295191076e-06	c5	IL18R1
6.25405402629394e-11	0.351070113241519	0.321	0.29	2.09748463933846e-06	c5	RIOK3
6.67597937012583e-11	0.335432310965829	0.347	0.318	2.2389899611528e-06	c5	GOLGA4
8.11360504262051e-11	0.257487266332121	0.531	0.52	2.72114085919407e-06	c5	HSPA9
8.51165486066325e-11	0.754055463531747	0.084	0.062	2.85463880716924e-06	c5	CD38
8.51948695750928e-11	0.645317457707377	0.092	0.068	2.85726553580946e-06	c5	NDUFAF5
9.32647556704505e-11	0.325199696498178	0.36	0.333	3.12791337567557e-06	c5	PITHD1
9.73991424664197e-11	0.785518268632823	0.056	0.038	3.26657244003878e-06	c5	TNFRSF10B
1.04613617506105e-10	0.420204306002376	0.271	0.24	3.50853150391976e-06	c5	GRPEL1
1.1327983630186e-10	1.45069867819447	0.012	0.005	3.79917914989177e-06	c5	CTH
1.2213743328706e-10	0.419250884821859	0.242	0.211	4.09624523758142e-06	c5	NIP7
1.30215778382054e-10	0.672233453136152	0.108	0.082	4.36717677537734e-06	c5	LMO4
1.36046701242205e-10	0.782766441794269	0.075	0.054	4.56273426626108e-06	c5	BPGM
1.37584588562734e-10	0.470052623828513	0.195	0.165	4.61431193121696e-06	c5	KIAA0232
1.40509546990017e-10	0.310911636016369	0.46	0.445	4.71240918695118e-06	c5	SF3A1
1.41112982910848e-10	1.2068053876143	0.025	0.013	4.73264722086404e-06	c5	IGHV1-3
1.4150017404925e-10	1.07988853868047	0.024	0.013	4.74563283726374e-06	c5	FAM174B
1.4549966152187e-10	0.728199790291922	0.073	0.052	4.87976764812048e-06	c5	PARP10
1.46310529603261e-10	0.474088041507613	0.271	0.242	4.90696254183417e-06	c5	KDM5B
1.7904933291533e-10	0.558592413024168	0.112	0.087	6.00495652731433e-06	c5	NCOA2
1.89437266789994e-10	1.50361675388414	0.012	0.005	6.35334705360283e-06	c5	MEX3B
2.08850868646814e-10	0.536268886819591	0.158	0.129	7.00444043267685e-06	c5	KLHL18
2.10040476034249e-10	0.304359514020372	0.435	0.405	7.04433748523666e-06	c5	PDCD1
2.34378295179019e-10	0.509458560812196	0.248	0.215	7.86057926371392e-06	c5	CMC1
2.39256200415093e-10	0.369060799849512	0.282	0.252	8.02417444952138e-06	c5	KRR1
2.39980794653466e-10	0.397872767704856	0.266	0.236	8.04847589108795e-06	c5	VPS26A
2.42026639538422e-10	0.724366971373665	0.081	0.059	8.1170894368396e-06	c5	ZNF260
2.51588117103407e-10	0.880080905786156	0.048	0.031	8.43776227141406e-06	c5	NKRF
2.5883512403306e-10	0.555060280383998	0.108	0.083	8.68081238982076e-06	c5	ZBTB21
2.58876593485431e-10	0.840343370062029	0.054	0.036	8.68220319231438e-06	c5	CDK1
2.74943983024231e-10	1.02003673057516	0.026	0.015	9.22107130266665e-06	c5	AKAP7
2.7906607288791e-10	0.793930014561006	0.055	0.037	9.35931795251473e-06	c5	IPMK
3.10163620939109e-10	0.563052418892187	0.133	0.106	1.04022675190558e-05	c5	FAM168B
3.2380872409952e-10	1.05068490189138	0.027	0.015	1.08598969888497e-05	c5	ARL15
3.52095477952677e-10	0.381201942917978	0.288	0.259	1.18085781395769e-05	c5	SAR1A
3.58720493284216e-10	0.536650056600034	0.149	0.122	1.2030767903766e-05	c5	RCHY1
3.71595578160927e-10	0.717221694884563	0.076	0.055	1.24625725003612e-05	c5	TRIB2
3.84583073440955e-10	0.546633380868663	0.134	0.107	1.28981471170627e-05	c5	TTC33
4.18491061725908e-10	0.72166178324835	0.065	0.045	1.40353532281635e-05	c5	ETV3
4.20995230650855e-10	0.329418318901699	0.349	0.323	1.41193380455684e-05	c5	ATG12
4.21966774941135e-10	1.01259956069045	0.046	0.03	1.41519216979758e-05	c5	HIST1H3H
4.36954063143559e-10	0.706537904200305	0.079	0.057	1.46545653697087e-05	c5	PGGHG
4.49334982751994e-10	0.586308643197583	0.124	0.098	1.50697966515364e-05	c5	SYS1
5.05635132525952e-10	1.04596668787108	0.023	0.012	1.69579910746554e-05	c5	ANKDD1A
5.06049708926987e-10	0.538857473613563	0.125	0.099	1.69718951379933e-05	c5	CYP51A1
5.42227409709031e-10	0.877416699901444	0.047	0.031	1.81852228668215e-05	c5	SNHG10
6.47423520877541e-10	0.787203983187996	0.062	0.044	2.1713290043191e-05	c5	TRIB1
6.73604298397192e-10	0.622114141348774	0.1	0.076	2.2591340959645e-05	c5	CDADC1
7.46011888689548e-10	0.89795960848126	0.047	0.031	2.50197467228701e-05	c5	COQ7
7.69908203582794e-10	0.547422767830708	0.185	0.158	2.58211813317597e-05	c5	LRBA
8.3531435955502e-10	0.873893914534897	0.037	0.023	2.80147729907563e-05	c5	TTC39B
8.42233076951427e-10	0.506552730898898	0.149	0.121	2.8246812934797e-05	c5	HCG18
8.45680841975331e-10	0.61044874352988	0.089	0.066	2.83624440781687e-05	c5	ZBP1
8.78847600053034e-10	0.201491402747989	0.584	0.576	2.94747908105787e-05	c5	RBM25
1.00504606957015e-09	0.941460825585741	0.04	0.025	3.37072350812438e-05	c5	RHEBL1
1.01148226349342e-09	0.818654710948894	0.044	0.029	3.39230921530425e-05	c5	AL662844.4
1.022249306021e-09	0.983502855482937	0.024	0.013	3.42841972253323e-05	c5	MFSD2A
1.02391007122296e-09	1.38978619474277	0.011	0.005	3.43398959686756e-05	c5	AC009113.1
1.07199814643255e-09	0.487714663427688	0.193	0.165	3.59526738350548e-05	c5	YEATS4
1.07688804767276e-09	0.714675071930752	0.082	0.061	3.6116671342849e-05	c5	TXNL4B
1.09228101506474e-09	0.197598522642038	0.686	0.701	3.66329206832412e-05	c5	UBE2B
1.10403712947692e-09	1.33129356956696	0.016	0.007	3.70271972483968e-05	c5	AL356512.1
1.1095175469135e-09	1.49703279698674	0.014	0.006	3.72109994883849e-05	c5	GLDC
1.16824898167784e-09	0.514678778952144	0.137	0.111	3.91807343475113e-05	c5	YJU2
1.2693542816395e-09	0.461783060726648	0.225	0.196	4.25716038976257e-05	c5	TGFBR2
1.34147056393479e-09	1.07958755609281	0.06	0.042	4.4990239773245e-05	c5	MYC
1.3425599427256e-09	0.462546564787503	0.175	0.146	4.50267753591311e-05	c5	C3orf38
1.36585164369381e-09	0.335904710478145	0.319	0.293	4.5807932426203e-05	c5	SLU7
1.5064110741197e-09	0.574002631160847	0.117	0.092	5.05220146038266e-05	c5	RPRD1B
1.59297927772291e-09	1.28686387081765	0.023	0.013	5.34253390162708e-05	c5	AC020571.1
1.6867766998318e-09	0.638475529775353	0.131	0.105	5.65711169589589e-05	c5	ATF5
1.78503680505049e-09	1.50907185796112	0.01	0.004	5.98665643677834e-05	c5	TMEM202-AS1
1.84688644453703e-09	0.452816747836944	0.165	0.137	6.1940877576883e-05	c5	NPC1
1.86694242157142e-09	1.71189464624771	0.012	0.005	6.26135149346623e-05	c5	STAM-AS1
1.89411386149051e-09	1.01684534170695	0.035	0.021	6.35247906866687e-05	c5	AC124016.1
1.92147202469885e-09	0.525896175275964	0.138	0.112	6.44423287643499e-05	c5	UTY
2.00234140950132e-09	0.588553246561473	0.096	0.073	6.71545261918553e-05	c5	ZFY
2.02371276145092e-09	0.462693308024084	0.196	0.167	6.78712785935409e-05	c5	RIOK1
2.02412481834593e-09	0.462461611294019	0.178	0.15	6.78850981576858e-05	c5	ZCCHC8
2.05627065270277e-09	0.976884781150321	0.028	0.017	6.89632051503456e-05	c5	AC004812.2
2.18711332315711e-09	0.373140132993736	0.261	0.232	7.33514066320432e-05	c5	CDC5L
2.25002624204595e-09	0.374872884601264	0.266	0.238	7.54613801057372e-05	c5	DNAJC3
2.25476505614633e-09	0.272041523636224	0.441	0.426	7.56203104530355e-05	c5	GGNBP2
2.30636455488142e-09	0.165212253448463	0.787	0.804	7.73508544416132e-05	c5	DDX24
2.34494027493566e-09	0.853304559131947	0.032	0.02	7.86446069407922e-05	c5	MAP4K3
2.38003367928342e-09	0.935726395164194	0.028	0.016	7.98215695358072e-05	c5	AP000311.1
2.70189564407512e-09	1.0104751212665	0.03	0.018	9.06161761109914e-05	c5	ZDHHC21
2.70277657754886e-09	0.817700629667864	0.033	0.02	9.06457208578336e-05	c5	MZB1
2.90439688579336e-09	0.958571944547535	0.035	0.022	9.74076627557377e-05	c5	SLC25A45
2.98512708086245e-09	0.405938415457379	0.181	0.152	0.000100115192037965	c5	USP42
3.03086515641005e-09	0.182036572415593	0.638	0.637	0.00010164915561568	c5	BZW1
3.06197078943465e-09	0.411017138369824	0.234	0.204	0.000102692376336059	c5	MED19
3.15282842480888e-09	1.48697147001205	0.017	0.008	0.00010573955971124	c5	AC062017.1
3.48430022431966e-09	0.541648051577136	0.147	0.121	0.000116856460923233	c5	TTN
3.75228023052952e-09	0.391148064959941	0.214	0.184	0.000125843974371499	c5	LY9
4.03046260754108e-09	0.438053452534441	0.24	0.212	0.000135173654931713	c5	NSMCE3
4.118151880975e-09	0.570202543424833	0.256	0.229	0.000138114577784139	c5	PLIN2
4.47543747196764e-09	0.851517734396398	0.033	0.02	0.000150097221934851	c5	IRF2BPL
4.59687034951252e-09	0.29095952637791	0.389	0.362	0.000154169837781951	c5	VCAM1
4.92006374263080e-09	0.627542124188788	0.069	0.05	0.000165009097800352	c5	ZNF529
5.10991252346012e-09	1.40720273954551	0.011	0.005	0.000171376246211806	c5	AL353708.3
5.31602620996428e-09	0.493166302834689	0.179	0.153	0.000178288887029782	c5	TMEM39A
5.39810264467322e-09	0.998813841017263	0.043	0.029	0.00018104156649705	c5	MASTL
5.89466966212761e-09	0.342362976145564	0.281	0.252	0.000197695431128436	c5	ZNF800
6.02525539129306e-09	0.671639773128618	0.061	0.043	0.000202075015313187	c5	TAF13
6.18760077129483e-09	0.933814904935853	0.035	0.022	0.000207519754667686	c5	LINC01588
6.20493720627656e-09	1.12941668559841	0.022	0.012	0.000208101184024103	c5	AC093010.2
6.54598111276211e-09	0.118605197648054	0.642	0.617	0.000219539114559816	c5	FYB1
6.70877147362339e-09	0.735902353789653	0.069	0.05	0.000224998777682381	c5	LINC01934
6.87096782163213e-09	0.496315048509085	0.169	0.142	0.000230438518801898	c5	KLHL21
6.91135035758675e-09	0.394558498278722	0.253	0.225	0.000231792868292745	c5	RBM38
7.58841773073521e-09	0.495849244639432	0.14	0.114	0.000254500353853398	c5	TXLNG
7.59052337246997e-09	0.278563473795032	0.421	0.401	0.000254570972865898	c5	EIF1AX
8.12160204232137e-09	0.640206352193637	0.081	0.061	0.000272382289295374	c5	MEX3C
8.34872129530966e-09	0.574539870866271	0.085	0.064	0.000279999414802095	c5	STIM1
8.53029772496349e-09	1.07733971410604	0.019	0.01	0.000286089125099826	c5	PLCH2
8.56229173615773e-09	1.14709851313183	0.017	0.009	0.000287162140247258	c5	DAB2IP
8.59567439949681e-09	0.462754822232631	0.193	0.166	0.000288281728010324	c5	CKAP2
8.86467095257108e-09	0.317839423890736	0.326	0.301	0.000297303334407329	c5	SNRPA1
9.25037539586295e-09	0.431472465782043	0.184	0.158	0.000310239090026452	c5	RPS6KB1
9.45816014308319e-09	1.02986062884084	0.027	0.016	0.000317207774878724	c5	AC137767.1
1.00413566073602e-08	0.857100174057917	0.121	0.097	0.000336767017897648	c5	TNFSF14
1.02704156348622e-08	0.787538304301822	0.051	0.036	0.00034444919956201	c5	GZF1
1.02941125295628e-08	1.13343429189071	0.029	0.017	0.000345243946016479	c5	CCNE2
1.04705019767825e-08	0.203671501377299	0.582	0.583	0.00035115969529733	c5	WSB1
1.13719350443296e-08	0.556346329916542	0.103	0.081	0.000381391957516726	c5	TET2
1.17207946706324e-08	0.895050943328249	0.028	0.016	0.000393092011663668	c5	DCUN1D3
1.1909543258138e-08	0.598663409054159	0.109	0.087	0.000399422261791431	c5	DCAF16
1.22128511964747e-08	0.528359057005754	0.125	0.101	0.000409594603427369	c5	HSD17B7
1.22587547327164e-08	0.221974699472112	0.791	0.818	0.000411134116225842	c5	DYNLL1
1.27610398257662e-08	1.02131441099675	0.064	0.046	0.000427979753676547	c5	ENC1
1.28456562662393e-08	0.388661956487806	0.284	0.259	0.000430817619857133	c5	DNAAF2
1.30938970205674e-08	0.303943065599156	0.416	0.4	0.000439143118275791	c5	TGIF1
1.31371219884115e-08	0.803663982545781	0.055	0.039	0.000440592797247344	c5	AL357060.1
1.35435661716324e-08	0.507390304697766	0.123	0.099	0.000454224122264206	c5	FBXO33
1.36030191433658e-08	0.270796824739656	0.374	0.351	0.000456218056030203	c5	MTRNR2L8
1.37488352855302e-08	0.431514476895171	0.325	0.305	0.000461108437806111	c5	RAB9A
1.37996264880692e-08	0.868265256563079	0.036	0.023	0.000462811873156866	c5	AC011611.3
1.4774866235623e-08	0.512836326765456	0.138	0.114	0.000495519463810325	c5	AKAP8
1.60053451831795e-08	0.342484114129933	0.308	0.284	0.000536787266753474	c5	RBM22
1.62833020535118e-08	1.41021887714407	0.011	0.005	0.000546109384270679	c5	AF165147.1
1.93581742748562e-08	0.325674334209892	0.33	0.308	0.000649234448830128	c5	C6orf48
2.02675337355979e-08	0.693369560619687	0.08	0.061	0.000679732546424482	c5	FAM174A
2.1255903687221e-08	0.589561502844127	0.093	0.072	0.000712880497862018	c5	EAF1
2.14284339345761e-08	0.469704707760731	0.196	0.171	0.000718666817297812	c5	TBPL1
2.2806785986799e-08	0.547310322386361	0.106	0.084	0.000764893988425266	c5	ASCC3
2.32091597455415e-08	0.503345424351969	0.122	0.099	0.00077838879954597	c5	ANAPC1
2.53720567434771e-08	1.11955827829474	0.02	0.011	0.000850928039062734	c5	UBASH3B
2.6598071821676e-08	0.313691581759122	0.315	0.29	0.00089204613275537	c5	NGRN
2.71423238149202e-08	1.70688899254232	0.011	0.005	0.000910299256104794	c5	YTHDF3-AS1
2.74301754266979e-08	0.460150380771781	0.187	0.162	0.000919953223460594	c5	RAE1
2.75135618490558e-08	0.988280315829865	0.027	0.016	0.000922749837293634	c5	LINC00539
2.90426497791195e-08	0.437157546717496	0.215	0.189	0.00097403238829211	c5	MIS18BP1
3.15865327403086e-08	0.371059229475628	0.208	0.181	0.00105934913504447	c5	TMC6
3.18188675639931e-08	0.412834561064805	0.255	0.228	0.0010671411803612	c5	GPR65
3.35807242817834e-08	0.524662904794079	0.1	0.078	0.00112623033096245	c5	SOCS4
3.45284951551296e-08	0.498141847600372	0.427	0.414	0.00115801667051274	c5	ISG15
3.46604235502473e-08	0.58581936199634	0.142	0.118	0.00116244128502819	c5	TSC22D1
3.60443917562753e-08	0.631788606956157	0.203	0.178	0.00120885681072196	c5	FASLG
3.63162137341071e-08	0.414586387167157	0.212	0.187	0.00121797317621449	c5	TXNDC11
3.75498323712222e-08	1.24091449502974	0.019	0.01	0.00125934627806605	c5	WWTR1
3.79569841722297e-08	0.539566318379695	0.107	0.085	0.00127300133516824	c5	CLP1
4.08070074634052e-08	0.399146762381208	0.165	0.139	0.00136858541630769	c5	RNF6
4.1963925119377e-08	0.745896270146845	0.039	0.026	0.00140738612065367	c5	RGS3
4.3040613564979e-08	1.0054758758397	0.021	0.012	0.00144349609774227	c5	FAM222A
4.44074108071126e-08	0.436515312632503	0.178	0.152	0.00148933574364894	c5	ERAP2
4.70029240618851e-08	0.120239613036401	0.819	0.828	0.0015763840671875	c5	HNRNPDL
5.01869097273885e-08	0.860689108964419	0.044	0.03	0.00168316857843715	c5	GRAMD2B
5.08529299477772e-08	0.256850872493975	0.395	0.374	0.00170550556458855	c5	NUP98
6.14503217771614e-08	1.32159836868619	0.014	0.007	0.00206092089176244	c5	AC211476.2
6.16129106479429e-08	0.297668577587605	0.39	0.372	0.00206637379731071	c5	PPP3CC
6.38792766461203e-08	1.05342793596345	0.025	0.015	0.00214238318015758	c5	CISH
6.70301962839106e-08	0.490376645755047	0.135	0.112	0.00224805872296979	c5	ECD
6.736908130532e-08	0.389465386982939	0.224	0.197	0.00225942424881782	c5	ARMCX3
6.9712589694088e-08	0.501492283788325	0.117	0.094	0.00233802083316032	c5	CRCP
7.40834399727467e-08	0.424727913212729	0.223	0.199	0.00248461040980598	c5	CASP3
7.52220148516686e-08	0.784466727950557	0.046	0.032	0.00252279593409526	c5	ZBED6
7.88724462988427e-08	0.805204508089888	0.033	0.021	0.00264522410397059	c5	AC243829.1
8.23188196893613e-08	1.07678964630901	0.012	0.006	0.0027608085747418	c5	OSM
8.78775220430898e-08	0.685129326386511	0.074	0.056	0.00294723633428115	c5	KLHL11
8.96193557107541e-08	0.362261379286477	0.217	0.191	0.00300565395182727	c5	BRAF
9.56370704389917e-08	1.21235816345177	0.014	0.007	0.0032074760683829	c5	DLGAP3
9.68764853283132e-08	0.337052242041388	0.275	0.251	0.00324904356494097	c5	SREK1
1.01307874248708e-07	0.311389890086066	0.535	0.53	0.00339766348655316	c5	LY6E
1.02010542566417e-07	0.37117705385071	0.207	0.18	0.0034212295765925	c5	MCOLN2
1.10348922140722e-07	0.235971499963329	0.477	0.472	0.00370088215075555	c5	EIF1B
1.10765585546384e-07	1.08986253437706	0.038	0.025	0.00371485620805462	c5	C1orf112
1.11283811180222e-07	0.594962055829606	0.067	0.05	0.0037322364593623	c5	CCDC86
1.12232221034214e-07	0.634248961669132	0.057	0.041	0.00376404422904549	c5	LINC00944
1.14490484565042e-07	0.448873630772021	0.127	0.104	0.00383978187134236	c5	PECAM1
1.17125821402107e-07	0.426309392334976	0.208	0.184	0.00392816579818387	c5	ANKRD44
1.19325179177356e-07	0.762501159890966	0.04	0.027	0.00400192785925015	c5	NSUN6
1.26522621019548e-07	0.50154502444494	0.148	0.125	0.00424331566375359	c5	ELMSAN1
1.27461766699559e-07	0.51759642803721	0.135	0.113	0.0042748127315698	c5	REC8
1.33721447773738e-07	0.318579366451263	0.311	0.287	0.00448474991543564	c5	GALM
1.43611532264849e-07	0.439566629276591	0.189	0.165	0.00481644356909851	c5	ATP2A2
1.45043494862273e-07	0.633381759745268	0.064	0.047	0.00486446873069092	c5	ZNF14
1.46875983208835e-07	0.504085778368231	0.11	0.089	0.00492592672485791	c5	CASP1
1.48652010130356e-07	0.460921011755062	0.217	0.193	0.00498549111575188	c5	TSHZ2
1.53248003258105e-07	1.23260009198507	0.014	0.007	0.00513963153327032	c5	SNTB1
1.59937190625502e-07	0.772096661343256	0.037	0.025	0.00536397349919809	c5	C4orf33
1.6384664542958e-07	0.669229652831443	0.044	0.03	0.00549508879441724	c5	CEP44
1.64354661004476e-07	0.476625543642725	0.13	0.108	0.00551212662076811	c5	TRAPPC2B
1.64689615425383e-07	0.596247224661625	0.083	0.064	0.00552336032213649	c5	INTS6L
1.64693837026913e-07	0.668734882965088	0.076	0.059	0.0055235019062086	c5	STX16
1.71221845489893e-07	0.416912268064784	0.181	0.157	0.00574243825404003	c5	NUP153
1.83968171053563e-07	0.268067513339449	0.414	0.396	0.00616992452079441	c5	SERPINB9
1.86777678459379e-07	0.386582702101052	0.167	0.142	0.00626414978017066	c5	PPTC7
1.97698965045701e-07	0.486244410499269	0.147	0.124	0.00663042788970272	c5	ZNF217
2.00931018672941e-07	1.25287471403437	0.019	0.01	0.00673882450425309	c5	LINC00115
2.01437459879837e-07	0.208310561060918	0.507	0.498	0.00675580952944998	c5	NAA50
2.02513829031184e-07	0.439645740297607	0.099	0.078	0.00679190879804785	c5	SLC25A44
2.03029198566298e-07	1.29464248221438	0.019	0.011	0.0068091932615165	c5	IL12RB2
2.0340752977515e-07	0.603804313574005	0.053	0.038	0.006821881733599	c5	LPP
2.0431257566907e-07	0.856849438007907	0.028	0.018	0.00685223516278927	c5	AC027290.1
2.08444115123968e-07	0.835285614956216	0.028	0.018	0.00699079873302764	c5	CAPRIN2
2.09064189084363e-07	0.579746615282743	0.101	0.081	0.00701159477351137	c5	KCNA3
2.10174428739462e-07	0.413140639001717	0.166	0.142	0.00704882999106409	c5	TMEM167B
2.17759999976981e-07	0.292882810294428	0.349	0.331	0.00730323487922799	c5	IST1
2.24353227160293e-07	1.10712072611965	0.036	0.024	0.0075243585325019	c5	IFIT2
2.26368984387766e-07	1.19130728510117	0.012	0.006	0.00759196299839689	c5	CDKN1C
2.27206018190426e-07	0.459434735044691	0.148	0.125	0.00762003543807051	c5	DTHD1
2.48444775520557e-07	0.789401901410448	0.038	0.025	0.00833234088140845	c5	MAP3K6
2.515294535066e-07	0.646970688206168	0.08	0.062	0.00843579481170434	c5	ETFDH
2.53196937010156e-07	0.524917588374295	0.126	0.104	0.00849171887344661	c5	NFATC1
2.73678206774756e-07	0.408285224073377	0.131	0.109	0.00917861969881175	c5	SNRK
2.88143236415169e-07	0.615631293617362	0.223	0.203	0.00966374786289194	c5	TNFAIP8
2.99427100270733e-07	1.24088176776095	0.014	0.007	0.0100421860888798	c5	NFYC-AS1
3.03157447116827e-07	0.395848046573362	0.162	0.138	0.0101672944614041	c5	SLC25A32
3.04620581964265e-07	0.468875982935233	0.117	0.096	0.0102163650779175	c5	GTDC1
3.10135117977755e-07	1.39682598234852	0.014	0.007	0.010401311586738	c5	AC010654.1
3.1337242311337e-07	0.390726660099604	0.254	0.232	0.0105098843263762	c5	OGT
3.14851695921954e-07	0.407097273597434	0.188	0.164	0.0105594961778305	c5	UTP23
3.19026684111132e-07	1.19116845843658	0.017	0.009	0.0106995169317191	c5	AC007216.4
3.3001625029941e-07	0.398997560307193	0.218	0.194	0.0110680850025416	c5	H1FX
3.37825632330227e-07	0.440166659250963	0.157	0.134	0.0113299960570912	c5	NLRC5
3.39878644173596e-07	0.800575111119861	0.032	0.021	0.011398849968294	c5	PER3
3.51768362230922e-07	0.663961581476685	0.061	0.046	0.0117976073325007	c5	TAF5
3.67402767963135e-07	0.35596933120483	0.242	0.218	0.0123219540319476	c5	USP36
3.72662419570565e-07	0.31963067900854	0.299	0.278	0.0124983522275576	c5	DNAJC2
3.81482988064006e-07	0.473895434967961	0.097	0.077	0.0127941764536906	c5	ZNF408
4.4399607651473e-07	0.564256278930269	0.074	0.057	0.014890740414151	c5	TSPYL4
4.4539874920538e-07	0.53455434426197	0.098	0.079	0.01493778325085	c5	SNAPC1
4.68650475419497e-07	1.29393205080874	0.011	0.005	0.0157175996446191	c5	AC144652.1
4.93877856949326e-07	0.604045921273078	0.085	0.067	0.0165636755663665	c5	CARD11
4.94920164305279e-07	0.500465232011486	0.096	0.077	0.0165986324704704	c5	SETDB2
4.99209763248102e-07	0.469667047918946	0.138	0.116	0.0167424970398148	c5	ZBTB11
5.60693282844841e-07	1.2164423335915	0.013	0.006	0.0188045313200503	c5	LINC01678
5.84164216586558e-07	0.625772000206397	0.057	0.042	0.01959169949588	c5	DAGLB
5.90342485444687e-07	1.05841491997633	0.015	0.008	0.0197989062768439	c5	TRBV12-2
5.96225895942251e-07	1.312895748825	0.012	0.006	0.0199962240981112	c5	HIF1A-AS2
6.00877835848089e-07	0.569169013939499	0.112	0.093	0.0201522408586732	c5	GMNN
6.18705098931341e-07	0.725652302467537	0.058	0.043	0.0207501316079593	c5	MUM1
6.36025324249901e-07	0.228258056131912	0.496	0.495	0.0213310173246932	c5	MAPK1IP1L
6.41593000550517e-07	0.470679397826743	0.144	0.123	0.0215177460524632	c5	B9D2
6.50828121626208e-07	1.26963487385108	0.013	0.007	0.0218274735430998	c5	AC040169.1
6.52988903548124e-07	0.367703635200706	0.245	0.222	0.021899941847197	c5	EED
6.53952692513928e-07	0.535074711721683	0.067	0.05	0.0219322654015321	c5	TUBD1
6.66613406081218e-07	0.753275019611494	0.047	0.034	0.0223568804131519	c5	MBNL1-AS1
6.83517400778316e-07	0.393552585490613	0.28	0.261	0.0229238065873031	c5	ZC3H12D
6.928619115251e-07	0.402166129845489	0.21	0.187	0.0232372027887288	c5	MACF1
6.93342399728551e-07	1.12834311199831	0.017	0.01	0.0232533174020962	c5	NPIPB11
7.07970185594431e-07	0.345935317912104	0.198	0.174	0.023743904084466	c5	MEF2D
7.38944507155976e-07	0.405941004977639	0.15	0.128	0.0247827208809971	c5	ZNF574
7.41759299540077e-07	0.801643202419129	0.052	0.038	0.0248771233879751	c5	NDUFV2-AS1
7.55855433852015e-07	0.346361661485844	0.212	0.188	0.0253498795405289	c5	RAB21
8.26205239488846e-07	0.970605642288085	0.02	0.012	0.0277092713219769	c5	AC002467.1
8.52348219358918e-07	0.6193245694884	0.045	0.032	0.0285860545808594	c5	PIK3AP1
8.75461674846389e-07	0.579676058096252	0.081	0.064	0.0293612336509982	c5	KIF23
8.98147148198271e-07	0.485821347455541	0.093	0.075	0.0301220590562736	c5	YRDC
9.02808379051995e-07	0.553377362472951	0.059	0.044	0.0302783874166458	c5	AEN
9.20829502387889e-07	0.387837649799136	0.133	0.112	0.030882779851085	c5	BRD1
9.31849893070456e-07	0.643964384874352	0.059	0.044	0.031252381713797	c5	HSF2
9.37206472694406e-07	0.892206694977169	0.026	0.016	0.031432030681225	c5	EAF2
9.95422861360395e-07	1.26801287862094	0.01	0.004	0.0333844919243049	c5	AC069544.1
1.00492424618635e-06	0.492764006138223	0.119	0.099	0.0337031493685978	c5	DENND2D
1.03150687712289e-06	0.723583983647364	0.046	0.033	0.0345946776449474	c5	TTC24
1.05951765555154e-06	0.501955580707853	0.097	0.078	0.0355341031318876	c5	AIM2
1.10871350858484e-06	0.667977086004005	0.058	0.043	0.0371840336509184	c5	ECHDC2
1.11159643484818e-06	0.386087871329293	0.201	0.179	0.0372807212319383	c5	BTN2A1
1.12196717559344e-06	1.02426655491127	0.019	0.011	0.0376285351350529	c5	MAN1B1-DT
1.13259307891475e-06	0.3761824081679	0.17	0.148	0.0379849066806429	c5	BTAF1
1.13322357005878e-06	1.22234488244303	0.013	0.006	0.0380060520926314	c5	MICALL2
1.15764540641653e-06	0.515499444305545	0.062	0.046	0.0388251116403975	c5	TIMM10B
1.17427222899997e-06	0.34745318393614	0.194	0.171	0.0393827420162011	c5	CSGALNACT2
1.19509333641363e-06	1.30079778908925	0.013	0.007	0.0400810403166403	c5	AC004817.3
1.3111201768118e-06	0.691769513863044	0.05	0.036	0.0439723484899141	c5	AC008124.1
1.31614406451964e-06	0.499680197211609	0.148	0.127	0.0441408396358596	c5	SERTAD3
1.33458504745084e-06	0.555417844498803	0.373	0.377	0.0447593133214063	c5	STIP1
1.34130900619149e-06	1.0425769392903	0.012	0.006	0.04498482144965	c5	CCDC136
1.34872187954687e-06	0.264087491616307	0.434	0.5	0.0452334343962428	c5	OASL
1.42947249400325e-06	0.620816267959756	0.076	0.059	0.047941648503881	c5	SERINC5
1.43595937340775e-06	0.194508424165386	0.58	0.578	0.0481592054653491	c5	TRAT1
1.43939397230971e-06	0.502458027586444	0.122	0.102	0.048274395043323	c5	VTI1A
1.47808815017792e-06	1.2203436540071	0.012	0.006	0.0495721203806671	c5	PPM1N
