p_val	avg_log2FC	pct.1	pct.2	p_val_adj	cluster	gene
0	1.04480262322461	0.791	0.551	0	c8	CREM
0	1.03161572496415	0.84	0.626	0	c8	DUSP2
0	1.43936308131192	0.338	0.13	0	c8	FOS
0	0.90133746087476	0.817	0.673	0	c8	YPEL5
0	0.99991375177101	0.899	0.767	0	c8	CXCR4
0	1.0911261188958	0.923	0.812	0	c8	ZFP36
1.49975633443424e-292	1.11030778708014	0.758	0.614	5.02988279442554e-288	c8	TUBA4A
1.55928768932644e-277	0.649853863420606	0.918	0.818	5.22953905246302e-273	c8	DUSP4
7.47742959340932e-277	0.746099426557225	0.875	0.776	2.50778033703762e-272	c8	TGFB1
1.31655056435643e-276	0.385965805299603	0.999	0.999	4.4154472827386e-272	c8	PTMA
6.64914877701427e-265	0.436558774135785	0.994	0.989	2.22999151683504e-260	c8	SRGN
3.18610901341947e-262	1.24337101853322	0.483	0.268	1.06855724092062e-257	c8	ZNF331
1.99641959365979e-255	1.10568757396965	0.458	0.248	6.6955920332162e-251	c8	DUSP1
5.94599051172169e-241	0.702012522031022	0.866	0.739	1.99416629782122e-236	c8	RGCC
8.1188339111028e-238	0.424020747831449	0.998	0.993	2.72289451710566e-233	c8	H3F3B
1.23021490154707e-237	0.739208366229823	0.875	0.761	4.12589473680857e-233	c8	LMNA
2.57181084154452e-217	1.02873329700383	0.375	0.188	8.625339200372e-213	c8	NR4A2
9.67072945117127e-209	0.235030931382701	0.999	0.999	3.24336924333382e-204	c8	RPS27
3.82653335665905e-194	0.537747115592234	0.949	0.928	1.28334275715631e-189	c8	EZR
1.95508802948792e-186	0.664296758311495	0.836	0.77	6.55697423329659e-182	c8	MCL1
5.19834385450415e-184	0.615168517484782	0.861	0.777	1.7434205619236e-179	c8	MYADM
1.181450259159e-170	0.543536586748335	0.841	0.761	3.96234787916746e-166	c8	TNFAIP3
3.44517437307591e-170	0.857148496570932	0.649	0.514	1.1554425812422e-165	c8	JUND
8.60870770045111e-160	0.822018632132169	0.626	0.493	2.88718838857729e-155	c8	NEU1
2.24508422089279e-158	0.625744227723368	0.754	0.669	7.52956346003024e-154	c8	SELENOK
9.99504887836084e-158	0.588518683472224	0.843	0.777	3.35213949282466e-153	c8	SRSF7
8.66698480076594e-156	0.378616291750685	0.994	0.989	2.90673336248088e-151	c8	MT-CO3
3.2325400361707e-151	0.403258953006717	0.991	0.986	1.08412927733093e-146	c8	MT-ND3
5.24987055396862e-149	0.291149817069991	0.998	0.994	1.76070158639e-144	c8	EIF1
1.7434975439913e-146	0.47310439517593	0.928	0.894	5.84734206303801e-142	c8	LDHA
9.50672753874138e-145	0.501328267944822	0.848	0.735	3.18836628194308e-140	c8	CST7
3.80179721398277e-142	1.5797898389305	0.179	0.072	1.27504674962554e-137	c8	DKK3
9.89605121744425e-141	0.962955743820817	0.49	0.353	3.31893765730645e-136	c8	MARCKSL1
1.30979548610239e-137	0.438267558474085	0.96	0.948	4.39279210129019e-133	c8	MT-ND1
1.31337870850859e-137	0.392665723566822	0.99	0.988	4.4048095125961e-133	c8	MT-CYB
1.95253386903582e-133	0.821212629452695	0.622	0.504	6.54840808997233e-129	c8	TSPYL2
1.03189637311131e-132	0.484747409535697	0.895	0.863	3.46077405614072e-128	c8	MT-ND2
2.10185612619267e-123	0.446988850866642	0.91	0.872	7.04920507602498e-119	c8	ADGRE5
1.29168750951884e-116	0.429931689747947	0.997	0.993	4.33206156942429e-112	c8	FTH1
2.2632973387061e-109	0.472614473692293	0.531	0.359	7.59064661455252e-105	c8	GZMK
5.56196448799695e-109	0.872939764546668	0.419	0.295	1.86537164998442e-104	c8	CSRNP1
3.07956024656007e-105	0.134417567095292	1	1	1.03282291549131e-100	c8	RPL41
1.30055215798664e-104	0.419820158818303	0.846	0.813	4.36179182745558e-100	c8	ATP6V0C
8.38959501620077e-103	0.599986524541757	0.713	0.656	2.81370237653341e-98	c8	FAM177A1
1.11280134078494e-102	0.774327265260471	0.517	0.404	3.73211313672452e-98	c8	KDM6B
7.64609958697463e-101	0.145205071206763	1	1	2.56434887947955e-96	c8	RPL10
1.65311776503357e-98	0.227802237827508	0.99	0.985	5.54422636036957e-94	c8	RPL3
3.32001909561947e-96	1.15229653286335	0.251	0.141	1.11346800428886e-91	c8	TCF7
4.33187115414525e-96	0.601746519446359	0.636	0.55	1.45282294767723e-91	c8	STAT5A
2.20975578354456e-94	0.141377860782321	1	1	7.41107894685175e-90	c8	EEF1A1
2.00507401808423e-92	0.277240567616196	0.993	0.989	6.72461724185089e-88	c8	MT-ND4L
3.42070294245849e-92	0.899669999763211	0.237	0.132	1.14723535284173e-87	c8	FOSB
5.38486922007018e-91	0.232517704368982	0.999	0.998	1.80597743902714e-86	c8	MT-CO2
9.2721095831556e-90	0.22128784952867	0.999	0.997	3.10968011199873e-85	c8	MT-CO1
2.14915912120285e-88	0.277141152685483	0.976	0.972	7.20784986069012e-84	c8	OAZ1
7.02333334560382e-88	0.394860219453864	0.938	0.937	2.35548553744861e-83	c8	BTG1
2.98362330272037e-86	0.155238355738939	1	0.999	1.00064758326636e-81	c8	RPS12
1.12862599534615e-80	0.151946234893284	0.999	0.999	3.78518586319191e-76	c8	RPS3
7.76159138965341e-80	0.357049170603737	0.872	0.861	2.60308252026196e-75	c8	SKP1
1.06503876680506e-79	1.64645162731411	0.106	0.043	3.57192701611082e-75	c8	ENC1
2.16383698635438e-74	0.280897769552405	0.968	0.967	7.25707648483531e-70	c8	CALM1
2.05188796718465e-73	0.835492678155501	0.374	0.264	6.88162186434388e-69	c8	CCR7
2.91152727640305e-73	0.307575489046984	0.985	0.98	9.76468017960053e-69	c8	MT-ATP6
3.31886859107728e-72	1.22782829159072	0.166	0.088	1.1130821480755e-67	c8	NR4A3
5.82208815938403e-72	0.334477616560035	0.899	0.895	1.95261192689422e-67	c8	CALM2
2.06360500353129e-70	0.125798317213976	1	0.999	6.92091846084326e-66	c8	RPL30
4.17809895150773e-70	0.417568913007649	0.768	0.74	1.40125082635666e-65	c8	SRSF2
5.72239798590615e-70	0.799108640476042	0.412	0.326	1.91917783651321e-65	c8	PTP4A1
6.42253006193945e-70	0.466712650783416	0.596	0.505	2.15398813217325e-65	c8	REL
1.38013794161693e-68	0.637729152231967	0.533	0.46	4.62870662859487e-64	c8	SRRT
3.83665503027726e-68	0.198604429428783	0.999	0.998	1.28673736405439e-63	c8	UBC
4.55319894111915e-68	0.137070010831666	0.999	0.999	1.52705186087254e-63	c8	RPL13
4.44208342780653e-67	0.881191511934491	0.374	0.286	1.48978594001775e-62	c8	PIK3R1
2.50230575022448e-65	0.270709534875877	0.577	0.493	8.39223302510287e-61	c8	HSPH1
1.03519445659019e-64	0.297562437969976	0.882	0.873	3.47183516851217e-60	c8	NCL
1.95766156394946e-64	1.02873066998872	0.266	0.179	6.56560535317369e-60	c8	METRNL
8.91595405685568e-64	0.27196458477988	0.642	0.572	2.99023267158826e-59	c8	HIST1H4C
9.67526711284249e-64	0.568140295147568	0.581	0.528	3.24489108430511e-59	c8	GABARAPL1
2.37975925884449e-63	0.563047827812954	0.55	0.471	7.98123660231266e-59	c8	TNFRSF9
5.87133263709033e-63	0.130268039179606	0.999	0.999	1.96912753982736e-58	c8	RPS14
8.19287808380504e-63	0.37876318887812	0.742	0.696	2.74772745174653e-58	c8	JUNB
1.22002083180617e-62	0.157762460028572	0.989	0.99	4.09170586571153e-58	c8	RPL23A
8.01156947415289e-62	0.520459737008329	0.628	0.574	2.6869201702414e-57	c8	TRAT1
1.94492471481084e-60	0.287287702856491	0.949	0.94	6.52288850853258e-56	c8	MT-ND5
2.16017641244827e-60	0.374320791367105	0.765	0.73	7.244799652069e-56	c8	HSPA5
6.98151331435702e-60	0.481627314156328	0.645	0.594	2.34145993536906e-55	c8	TUBB4B
2.20171352013926e-58	0.345933998558998	0.875	0.87	7.38410680384303e-54	c8	MT-ND4
3.75989257273847e-57	0.786916165364386	0.34	0.258	1.26099277104503e-52	c8	SERTAD1
4.55620801321016e-55	0.66493090235904	0.46	0.396	1.52806104347042e-50	c8	RHOH
8.60888730339803e-55	0.159943806486543	0.992	0.99	2.88724862381363e-50	c8	RPS29
1.37558108860121e-54	0.311453496186581	0.949	0.932	4.61342385495075e-50	c8	MT-ATP8
2.06290491829253e-54	0.237045120715041	0.854	0.834	6.91857051496948e-50	c8	KLF6
3.14116243421667e-54	0.641101101798166	0.436	0.359	1.05348305718759e-49	c8	GGA2
4.69886299400197e-54	0.501972966895478	0.558	0.497	1.57590467092838e-49	c8	RNF19A
6.86471815782036e-54	0.652239075546984	0.437	0.369	2.30228917576979e-49	c8	CYSTM1
1.52829040613604e-52	0.219481899406073	0.963	0.953	5.12558036409905e-48	c8	TAGLN2
9.7721950645051e-52	1.04952874838084	0.197	0.125	3.27739878073372e-47	c8	ELL2
1.26844803940451e-51	0.324292384458265	0.814	0.802	4.25412103455484e-47	c8	IDS
1.40910356446706e-50	0.8042103158616	0.334	0.257	4.72585153450962e-46	c8	PDE4B
5.81113873199965e-50	0.320227752611967	0.953	0.934	1.94893970793804e-45	c8	ACTG1
6.38398212132043e-50	0.337677068555152	0.729	0.693	2.14105992384844e-45	c8	PPP1R15A
5.38445723060399e-49	0.154244232309774	0.989	0.986	1.80583926599997e-44	c8	RPL9
1.59874040044237e-47	0.362157313254264	0.743	0.737	5.36185555500363e-43	c8	LEPROTL1
5.80618677728772e-47	0.503357331538938	0.543	0.507	1.94727892136675e-42	c8	CSNK1D
2.12115915876286e-46	0.482895929523005	0.553	0.51	7.11394358665888e-42	c8	FUS
6.8401880140877e-46	0.47672980615638	0.598	0.568	2.29406225616473e-41	c8	GLUD1
1.52904953256581e-44	0.326794637424494	0.74	0.723	5.1281263223192e-40	c8	BRD2
1.9178913693123e-44	0.402405627325478	0.676	0.641	6.43222407439959e-40	c8	SLC7A5
7.25216623749069e-44	0.537947405117519	0.476	0.422	2.43223151272963e-39	c8	ARID5A
4.82292583631487e-43	0.125145176367119	0.997	0.997	1.61751286698328e-38	c8	RPLP2
5.75438617670948e-43	0.228661004595346	0.932	0.929	1.92990603594483e-38	c8	CD44
7.1571894570373e-43	2.19785556566213	0.031	0.009	2.40037820010117e-38	c8	ACHE
1.06861778132436e-42	0.608538726597747	0.421	0.365	3.58393031500563e-38	c8	JMJD6
2.54401209831281e-42	0.620092058056009	0.408	0.35	8.5321077753215e-38	c8	KPNA2
2.81304129144161e-42	0.55248605039135	0.45	0.39	9.43437788323686e-38	c8	SLC2A3
4.49280530404303e-42	0.222199143234932	0.938	0.939	1.50679704286995e-37	c8	YWHAZ
1.63283588492157e-41	0.319056072250811	0.773	0.76	5.47620499084996e-37	c8	CALR
2.06936835524863e-41	0.154600516667038	0.991	0.99	6.94024758983284e-37	c8	RPS25
2.61772404465579e-41	0.928724852131724	0.238	0.167	8.7793229009666e-37	c8	GPR183
2.72412277360103e-41	0.536738547067851	0.432	0.365	9.13616295810313e-37	c8	TAGAP
3.13411409999195e-41	1.96765581439278	0.035	0.011	1.0511191868553e-36	c8	S1PR5
6.01092645350734e-41	0.530784622936762	0.495	0.453	2.01594451397729e-36	c8	NASP
9.38925493672163e-41	0.427682743927348	0.605	0.58	3.1489683206777e-36	c8	ATP1B3
1.79346950006678e-40	0.609268451749822	0.406	0.347	6.01493800932397e-36	c8	BICDL1
5.70137402079492e-40	0.314227308487788	0.816	0.813	1.9121268190942e-35	c8	CRIP1
2.63043222340344e-39	1.0433210394182	0.171	0.11	8.82194359085044e-35	c8	KLF2
2.77320933750143e-39	0.671378661110865	0.375	0.319	9.30078947611231e-35	c8	IFRD1
4.59457070968492e-38	0.107941172507897	1	0.999	1.54092712461413e-33	c8	RPS26
7.47708109550899e-38	0.481679487479902	0.572	0.543	2.5076634578118e-33	c8	LITAF
2.05551386499405e-37	1.96741219330867	0.035	0.011	6.89378240041704e-33	c8	KLRG1
1.23178535671562e-36	0.164430672785545	0.99	0.986	4.13116172935285e-32	c8	RPS16
2.00101262513905e-36	0.73132481620767	0.287	0.224	6.71099614219134e-32	c8	PMEPA1
3.28949931778502e-35	1.41071719797004	0.077	0.039	1.10323228119874e-30	c8	PER2
3.52015536407158e-35	0.171922072621196	0.969	0.969	1.18058970600233e-30	c8	UBB
9.54577063163754e-35	0.466508567147179	0.529	0.499	3.2014605544386e-30	c8	MAPRE2
9.78456066389549e-35	0.283079784683159	0.763	0.762	3.28154595545727e-30	c8	EIF4G2
1.26731673688879e-34	1.26716417276352	0.105	0.06	4.25032687217763e-30	c8	BIK
1.95383279971852e-34	0.333572108177136	0.661	0.657	6.55276444369597e-30	c8	EMD
5.07054080947768e-34	0.80216627750524	0.262	0.205	1.70055797668263e-29	c8	SYPL1
7.28100522294873e-34	0.147323313817251	1	1	2.44190353167254e-29	c8	MALAT1
9.49740784926169e-34	0.506821716639933	0.537	0.515	3.18524064448539e-29	c8	AKNA
9.56822799312286e-34	0.999197921170764	0.161	0.106	3.20899230433355e-29	c8	BAIAP2
2.12694280823751e-33	0.256173852691386	0.797	0.805	7.13334079026696e-29	c8	SLC3A2
3.84316532272475e-32	0.247577845428917	0.761	0.759	1.28892078593543e-27	c8	RBM8A
1.46180972077647e-31	0.466852120127871	0.488	0.462	4.90261744154011e-27	c8	EIF4A3
2.54779190751527e-31	0.391929610946308	0.576	0.553	8.54478449942472e-27	c8	NOP58
3.51456650095754e-31	0.286798203204789	0.699	0.7	1.17871531309114e-26	c8	UBE2B
8.50942417261518e-31	0.57460514860073	0.369	0.317	2.85389067901168e-26	c8	CEMIP2
3.42543393048492e-30	0.24307473344582	0.808	0.802	1.14882203160603e-25	c8	DDX24
1.01647185433103e-29	1.63147201743735	0.052	0.024	3.40904330505541e-25	c8	B3GNT5
4.42833286903407e-29	1.3686985718153	0.068	0.035	1.48517427761665e-24	c8	CXCL16
1.86690109246507e-28	0.422350013608742	0.502	0.476	6.26121288390935e-24	c8	SYAP1
1.94213231843849e-28	0.121638064041572	0.987	0.986	6.51352336957901e-24	c8	RPS5
2.36152444639696e-28	0.42875402320561	0.484	0.456	7.92008068832612e-24	c8	APMAP
2.72516117403923e-28	0.317083261260541	0.749	0.748	9.13964554549277e-24	c8	SAT1
3.35207515418913e-28	0.176522294622692	0.9	0.896	1.12421896521195e-23	c8	EEF1B2
3.73782994703268e-28	1.35505902346119	0.065	0.033	1.25359340763582e-23	c8	KLF3
4.15880675582894e-28	0.458489038670053	0.487	0.463	1.39478060976991e-23	c8	ATP1A1
4.8238205386464e-28	0.846468844481482	0.219	0.164	1.61781293225123e-23	c8	CMSS1
9.30795948602755e-28	0.479710555361573	0.465	0.433	3.12170345242392e-23	c8	IVNS1ABP
1.50933862976535e-27	0.674741463061978	0.288	0.239	5.06201989650702e-23	c8	SKIL
2.73624493230407e-27	0.377455614219568	0.601	0.58	9.17681825396138e-23	c8	ODC1
1.03616516462781e-26	0.13192604393921	0.983	0.985	3.47509072912876e-22	c8	SARAF
8.75451193098446e-26	1.18662172598248	0.081	0.047	2.93608821141357e-21	c8	AC010616.1
1.13466184036541e-25	0.853699487784226	0.04	0.017	3.80542888021752e-21	c8	TRBV2
2.16995816235673e-25	0.14122039591778	0.95	0.954	7.27760568491199e-21	c8	RPL38
2.28889809282703e-25	0.504120980040046	0.431	0.393	7.67650642372329e-21	c8	ARID5B
2.94680214650689e-25	0.68919839496607	0.262	0.213	9.8829850389548e-21	c8	DUSP10
3.54593695646274e-25	0.635676407729927	0.283	0.233	1.18923633645847e-20	c8	VPS37B
5.2146214878173e-25	1.32227128550133	0.067	0.036	1.74887975458417e-20	c8	PGAP1
6.16798928112817e-25	0.302925246271203	0.644	0.641	2.06862024510477e-20	c8	ARID4B
1.27498896966442e-24	0.457011108773668	0.46	0.426	4.27605800646054e-20	c8	NFKB1
2.21223432008683e-24	0.211758688988825	0.871	0.868	7.41939146270721e-20	c8	PNRC1
3.93755811100407e-24	0.591024560848837	0.322	0.279	1.32057823926855e-19	c8	NAB1
8.52699298123943e-24	0.335739646381134	0.574	0.564	2.85978290604808e-19	c8	GSPT1
1.12799771140024e-23	0.670278350556927	0.246	0.198	3.78307872449412e-19	c8	ARL4A
1.48684614005671e-23	0.19202010491891	0.858	0.868	4.9865845845222e-19	c8	RPL27A
2.02020332844586e-23	0.596223158581079	0.309	0.267	6.77535792294172e-19	c8	RALGAPA1
3.47749411751256e-23	0.886991088852604	0.127	0.086	1.16628197713136e-18	c8	RASA3
1.24805054600502e-22	0.359470409736099	0.647	0.652	4.18571192119164e-18	c8	PPP1R2
3.13354314222512e-22	0.2426709167795	0.723	0.73	1.05092769903946e-17	c8	HNRNPC
5.00759068373743e-22	0.699197442139541	0.25	0.207	1.67944576351186e-17	c8	WDR74
5.07125384754929e-22	0.713218802133166	0.257	0.216	1.70079711539108e-17	c8	UBE2S
6.06394966244481e-22	0.431971089015794	0.442	0.416	2.03372743779074e-17	c8	CHD2
2.10181219047092e-21	0.633034104946335	0.253	0.209	7.04905772440136e-17	c8	IRF2BP2
2.36257827319047e-21	0.196285377553027	0.871	0.895	7.92361501262618e-17	c8	CD8A
4.50555882429082e-21	0.586571423044408	0.347	0.315	1.51107431849066e-16	c8	MAT2A
1.48280884187803e-20	0.789319117963599	0.199	0.157	4.97304429389053e-16	c8	CHMP1B
1.68678027889522e-20	0.247981053390711	0.697	0.721	5.65712369935878e-16	c8	SNU13
2.03802589217265e-20	0.378970160626463	0.481	0.47	6.83513123716864e-16	c8	LAPTM4A
2.55335286673834e-20	0.615313513385172	0.331	0.296	8.56343484446705e-16	c8	CNIH1
4.83778871388297e-20	0.95054318588458	0.131	0.093	1.62249757886207e-15	c8	BLVRB
7.45063186157665e-20	0.883765291579177	0.144	0.106	2.49879291373558e-15	c8	ITPRIP
7.760772125972e-20	0.481450027658845	0.403	0.378	2.60280775560849e-15	c8	LYST
9.97877637755826e-20	1.51135346436862	0.042	0.021	3.34668202150549e-15	c8	NXPH4
1.38119155475241e-19	0.406460097884224	0.454	0.439	4.63224023632863e-15	c8	RIC8A
1.53727634092345e-19	0.77877139151054	0.163	0.122	5.15571739218907e-15	c8	ZHX2
2.38387078574699e-19	0.336315621233556	0.577	0.583	7.99502584123826e-15	c8	WSB1
3.89789522627908e-19	0.148651290000038	0.929	0.931	1.30727610098948e-14	c8	PABPC1
4.71390190074144e-19	0.686825047156263	0.262	0.223	1.58094841947067e-14	c8	TUBB2A
4.84642266105124e-19	0.429692865459693	0.389	0.362	1.62539323206337e-14	c8	HBP1
7.91449131326423e-19	0.277828030108987	0.607	0.62	2.65436209664256e-14	c8	SF1
9.13799589579806e-19	0.481751485763345	0.381	0.357	3.06470106353275e-14	c8	RANBP2
1.1529771021954e-18	0.287559361825055	0.597	0.601	3.86685460534292e-14	c8	HNRNPUL1
3.04089616767437e-18	0.135377510984819	0.889	0.892	1.01985575671463e-13	c8	TSC22D3
3.32827834805125e-18	0.620302111287029	0.239	0.2	1.11623799236943e-13	c8	PER1
3.83125953198858e-18	0.697956493809681	0.088	0.056	1.28492782183833e-13	c8	TNFSF9
6.19455255768002e-18	0.421929980508597	0.427	0.414	2.07752903679472e-13	c8	TOP1
6.99013542305691e-18	0.229973644712628	0.649	0.656	2.34435161818483e-13	c8	HNRNPA0
1.13293607635807e-17	0.466594318698474	0.386	0.368	3.7996410128897e-13	c8	HNRNPAB
1.29208997090389e-17	0.48451280953264	0.388	0.364	4.33341134441747e-13	c8	CNOT6L
1.29731594156916e-17	0.32124823964913	0.488	0.461	4.35093820483464e-13	c8	SLA2
1.30024837105777e-17	0.522428462925801	0.348	0.324	4.36077298685355e-13	c8	OAT
1.45946102477137e-17	0.215841663716897	0.72	0.74	4.89474038487821e-13	c8	MORF4L1
1.5967062944755e-17	1.32268513942225	0.04	0.021	5.35503357041192e-13	c8	PPP1R13B
2.06860778517115e-17	0.304381851081147	0.646	0.661	6.93769678990701e-13	c8	TUBA1A
2.09863127861515e-17	0.909342220986559	0.144	0.108	7.03838958221949e-13	c8	MLF1
3.12666209480613e-17	0.550246828389815	0.313	0.282	1.04861993335608e-12	c8	JMJD1C
3.82213114974294e-17	0.553237464338538	0.272	0.236	1.28186634500079e-12	c8	APLP2
6.56184973336358e-17	0.289395879515212	0.267	0.219	2.20071316357548e-12	c8	XCL2
7.92716059208268e-17	0.40619933947331	0.427	0.407	2.65861111937269e-12	c8	STARD7
1.13597425865683e-16	0.482962594433403	0.315	0.278	3.80983046868327e-12	c8	PMAIP1
1.74987282823765e-16	0.244811774365721	0.634	0.651	5.86872349134342e-12	c8	SERP1
3.56387604338176e-16	2.15269077826042	0.011	0.003	1.19525274742938e-11	c8	LGR6
3.76570406717715e-16	0.646973466737811	0.245	0.212	1.26294183004987e-11	c8	MKNK2
6.66680053113328e-16	0.196863295602921	0.891	0.89	2.23591156213148e-11	c8	SQSTM1
8.72412771575587e-16	0.353843941864808	0.485	0.478	2.9258979533102e-11	c8	AC016831.7
9.10823201064995e-16	0.728778282866253	0.187	0.152	3.05471885173178e-11	c8	TMEM39A
1.09984616629664e-15	0.402405586416043	0.393	0.376	3.68866407252567e-11	c8	PHF1
1.89028616173013e-15	0.657823014480369	0.196	0.16	6.33964172921049e-11	c8	WHRN
2.19216434366667e-15	0.36266614833075	0.431	0.427	7.35208077578928e-11	c8	CLTB
4.34699524916352e-15	0.159595828556908	0.407	0.377	1.45789526666446e-10	c8	CD69
4.87349209817872e-15	0.620176642515263	0.218	0.183	1.63447177988718e-10	c8	PLK3
5.42743946739721e-15	0.202028386241773	0.421	0.39	1.82025464857568e-10	c8	RGS1
6.32312575275545e-15	0.522379719911895	0.274	0.241	2.12064991495912e-10	c8	CCND2
6.49590522854727e-15	0.142908201820699	0.476	0.443	2.17859669555018e-10	c8	CRTAM
9.21091333519148e-15	0.183307812257537	0.806	0.829	3.08915611435652e-10	c8	HNRNPDL
1.06386760119138e-14	0.922668189784662	0.075	0.049	3.56799916087565e-10	c8	LSR
1.12976864284011e-14	1.14690572859997	0.057	0.035	3.78901807435717e-10	c8	SEC14L2
1.20849048762592e-14	0.356732942801249	0.464	0.457	4.0530353973998e-10	c8	DDX21
1.50303188046256e-14	0.471807629289534	0.359	0.345	5.04086832069533e-10	c8	PAF1
1.69621436217526e-14	0.667773765598701	0.148	0.114	5.6887637278634e-10	c8	MYLIP
1.79135893937012e-14	0.33272389309492	0.47	0.473	6.0078596108595e-10	c8	PNPLA2
2.14540448509921e-14	0.818687596500171	0.12	0.089	7.19525756212573e-10	c8	PRR7
2.5670776115283e-14	0.848226268332206	0.128	0.097	8.60946489354362e-10	c8	ITGAV
2.78542771870549e-14	0.287545279383897	0.575	0.584	9.34176748299447e-10	c8	IRF1
2.99658744828312e-14	0.61890405415129	0.181	0.146	1.00499549840519e-09	c8	SELENOM
3.5662080046889e-14	1.60861710336395	0.02	0.008	1.19603484061256e-09	c8	SIK1B
4.22532805558261e-14	0.20218423852196	0.761	0.781	1.41709052328129e-09	c8	ZFP36L2
4.67408317654072e-14	0.381543505159458	0.451	0.446	1.56759401574823e-09	c8	POLR2A
5.79296278459536e-14	0.469890457704359	0.326	0.302	1.94284385869759e-09	c8	PRKX
5.8030295864252e-14	0.703344141301258	0.136	0.104	1.94622006269528e-09	c8	SOCS3
7.57637356202197e-14	0.323425099170255	0.471	0.469	2.54096416523093e-09	c8	TECR
7.92773296162729e-14	0.283778174058503	0.539	0.547	2.65880308067056e-09	c8	JPT1
9.12092947924071e-14	0.290370614929803	0.538	0.549	3.05897732874775e-09	c8	SERINC1
1.10778651232546e-13	0.388715128833396	0.386	0.372	3.71529440503711e-09	c8	ORAI1
1.78407773948802e-13	0.608468898954276	0.249	0.216	5.98343992269493e-09	c8	CMC1
2.3390015860082e-13	0.572878177922728	0.247	0.218	7.84454351915429e-09	c8	USP36
2.37275131869933e-13	1.53393591665127	0.02	0.009	7.95773337265383e-09	c8	FAM49A
2.43424344095339e-13	0.612632831436873	0.264	0.233	8.16396565226948e-09	c8	YBX3
2.81391977521218e-13	0.414959261262121	0.397	0.385	9.43732414210663e-09	c8	SDCBP
3.77725309607739e-13	0.398132152830999	0.397	0.387	1.26681514336243e-08	c8	AMD1
4.8047745013739e-13	0.189829934560719	0.734	0.756	1.61142527227078e-08	c8	MAP1LC3B
5.27267675797628e-13	0.627321331826715	0.208	0.177	1.76835033109009e-08	c8	MIDN
5.64405534100799e-13	0.643130602973669	0.192	0.161	1.89290328026726e-08	c8	RNF125
6.29096098459108e-13	0.647072454400437	0.193	0.162	2.10986249501216e-08	c8	BANP
6.99766752093683e-13	1.20907380325768	0.034	0.019	2.3468777331718e-08	c8	NKD1
9.06085550347406e-13	2.51033640034839	0.006	0.001	3.03882971875513e-08	c8	TRIO
1.63032991777845e-12	0.310046739212497	0.455	0.452	5.46780047824537e-08	c8	DCXR
1.74214853500743e-12	0.195637100390529	0.667	0.694	5.84281775670793e-08	c8	GUK1
2.26670922866522e-12	0.410857976230039	0.399	0.391	7.60208941109743e-08	c8	NFATC2
2.32572815034275e-12	0.231967982073269	0.61	0.639	7.80002707061953e-08	c8	BZW1
2.6487343037301e-12	1.31649098384598	0.026	0.013	8.88332510785002e-08	c8	ERRFI1
2.67990745881607e-12	1.90847070820608	0.012	0.005	8.98787363537734e-08	c8	CDHR1
3.04664556412714e-12	0.167774822953776	0.758	0.779	1.02178398929696e-07	c8	EIF5
5.16958843458157e-12	0.443533358102125	0.359	0.347	1.73377656918997e-07	c8	CHD1
7.24030176055577e-12	0.345068106843142	0.451	0.452	2.42825240445519e-07	c8	USP11
7.46609964030908e-12	2.05830731473405	0.009	0.003	2.50398049736686e-07	c8	PHLDB1
8.04385830189498e-12	1.80203059173091	0.016	0.007	2.69774919728954e-07	c8	AL138895.1
1.05242409617427e-11	1.63220061129027	0.016	0.007	3.52961993374927e-07	c8	CXCR5
1.35350746143394e-11	0.321632858229048	0.459	0.461	4.53939332415715e-07	c8	SLBP
2.39381200926388e-11	0.152295625728587	0.736	0.763	8.02836671666919e-07	c8	NOP53
2.54099336486726e-11	1.18739321988001	0.031	0.017	8.52198354709181e-07	c8	FCRL3
2.97849887745423e-11	0.133261973429595	0.821	0.854	9.989289535206e-07	c8	CNBP
3.24032585737967e-11	0.351677346498419	0.424	0.427	1.086740486048e-06	c8	RELA
3.48790929332326e-11	0.631151759167068	0.199	0.172	1.16977501879476e-06	c8	GPCPD1
3.52575184734082e-11	0.382545167714372	0.373	0.365	1.18246665456116e-06	c8	GNL1
4.66775588047982e-11	0.436621525410547	0.301	0.279	1.56547196719532e-06	c8	MCUB
5.5454094706525e-11	0.531069481046006	0.256	0.236	1.85981942826744e-06	c8	RCE1
6.97796456677696e-11	0.305741290425606	0.408	0.383	2.34026975640566e-06	c8	DDIT4
9.91054181678811e-11	0.77257657742114	0.115	0.09	3.3237975145144e-06	c8	GFOD1
1.23016651722652e-10	0.25977638440246	0.548	0.574	4.12573246547429e-06	c8	RAB5IF
1.43532164873265e-10	1.12750808142781	0.047	0.03	4.81378174551957e-06	c8	C1orf21
1.4965790396524e-10	0.195932343251587	0.622	0.639	5.01922678318623e-06	c8	STAT3
2.16084337127835e-10	0.23123303574266	0.662	0.692	7.24703649859332e-06	c8	GNAS
2.32022146077904e-10	0.429455478824086	0.333	0.319	7.78155873516075e-06	c8	DDX3Y
2.43428582602833e-10	0.425933214870375	0.339	0.331	8.16410780333381e-06	c8	SUPT5H
2.76955084908308e-10	0.624853512355015	0.209	0.186	9.28851963765483e-06	c8	NANS
3.12099404595354e-10	1.48630540841953	0.017	0.008	1.0467189831319e-05	c8	MN1
3.15119258976573e-10	0.952296785406504	0.075	0.054	1.05684697075563e-05	c8	MAP1A
3.30941539941599e-10	0.483709809317082	0.289	0.274	1.10991173665613e-05	c8	IDI1
3.56001666960584e-10	0.719025608230333	0.127	0.101	1.19395839065241e-05	c8	KMT5C
3.99905031858194e-10	0.365681675293463	0.356	0.343	1.34120149584601e-05	c8	ZEB2
6.03016764365029e-10	0.15229614139449	0.795	0.817	2.02239762432743e-05	c8	DYNLL1
6.58170945470983e-10	0.113267963623202	0.871	0.894	2.20737371692058e-05	c8	CHCHD2
7.75277320895062e-10	0.354503975671653	0.412	0.419	2.60012507881786e-05	c8	ARF4
7.80915626948788e-10	0.970657788098939	0.058	0.039	2.61903482966085e-05	c8	BCR
8.43850279399003e-10	0.589922550658329	0.167	0.141	2.83010506704838e-05	c8	HEXIM1
1.21951422721523e-09	0.168020693618299	0.693	0.73	4.09000681523443e-05	c8	XRCC6
1.33736639295719e-09	0.173638980133241	0.654	0.695	4.48525940869983e-05	c8	ATP6V1G1
1.4382836768083e-09	0.198202407970929	0.623	0.649	4.82371579527966e-05	c8	SRRM1
1.51922593954797e-09	0.672232863936452	0.084	0.062	5.09517995605597e-05	c8	EPHA4
1.6139487938755e-09	0.759885392480446	0.121	0.097	5.41286146489964e-05	c8	PDE7A
1.62407087366248e-09	0.13533122162546	0.814	0.837	5.44680889608924e-05	c8	RPS20
2.44994517081587e-09	0.303613087057558	0.433	0.434	8.21662611388226e-05	c8	CLK1
2.48324458807152e-09	0.527650046268911	0.218	0.195	8.32830569947427e-05	c8	PEA15
2.55067037244746e-09	1.3174507441834	0.024	0.013	8.55443829511429e-05	c8	NCKAP5L
3.44770065074374e-09	0.128784997473755	0.817	0.832	0.000115628984424644	c8	ATP5F1B
3.99049479050868e-09	2.0158997353608	0.007	0.002	0.00013383321428408	c8	PDGFD
4.18117899168896e-09	0.713032460817027	0.145	0.122	0.000140228381023264	c8	HCG18
4.24043614669207e-09	0.233028940707466	0.532	0.541	0.000142215747487759	c8	RUNX3
4.35513954555162e-09	0.16304129489303	0.776	0.797	0.00014606267007871	c8	ISG20
4.9459783933163e-09	0.37527794304299	0.343	0.33	0.000165878223355042	c8	SLC16A3
5.66778845965524e-09	0.864816557883087	0.029	0.017	0.000190086289359917	c8	GFPT2
5.83043163043594e-09	0.379948388951376	0.353	0.349	0.00019554101602156	c8	DNTTIP2
6.00427703393507e-09	1.4776709489672	0.017	0.008	0.000201371443164114	c8	CDH1
6.96065203322471e-09	0.118655856618165	0.788	0.816	0.00023344634789029	c8	ARF1
7.1843682827244e-09	0.151302564613993	0.749	0.775	0.000240949343466011	c8	RELB
7.65108445166794e-09	0.741731053363463	0.127	0.104	0.000256602070340039	c8	NFATC1
8.61688009882807e-09	0.331426111750585	0.165	0.137	0.000288992924754496	c8	XCL1
1.0642814490824e-08	0.471400836107458	0.263	0.245	0.000356938712393254	c8	PITPNC1
1.10894181780993e-08	1.9202758234462	0.01	0.004	0.000371916906857096	c8	ZNF165
1.22307246841075e-08	1.20750154706657	0.019	0.01	0.000410194044455597	c8	STX3
1.64466396952841e-08	0.375823861153477	0.329	0.315	0.000551587402100438	c8	TENT5C
1.74725982250975e-08	0.497486603288182	0.285	0.27	0.00058599599927332	c8	NBL1
1.78398145429325e-08	0.765126995709904	0.093	0.073	0.000598311700140871	c8	RCOR1
2.05308749090889e-08	1.07196356605773	0.029	0.018	0.000688564482701023	c8	FGFRL1
2.13758871656936e-08	0.407838869780495	0.317	0.306	0.000716904503763031	c8	IL21R
2.20913674031312e-08	0.32825549827106	0.406	0.409	0.000740900279966214	c8	HERPUD2
2.33232514897932e-08	0.742541757425007	0.108	0.086	0.000782215208464684	c8	VAV3
2.58769791952742e-08	0.813693055947698	0.049	0.033	0.000867862128251106	c8	CADM1
2.92226250489507e-08	0.160416716643704	0.664	0.701	0.000980068398891709	c8	TRMT112
3.03055251586614e-08	0.497136404823112	0.281	0.269	0.00101638670277118	c8	PNP
3.08171874418646e-08	1.55018959007603	0.013	0.006	0.00103354683242525	c8	CDKN1C
3.21481692261885e-08	0.173431098630109	0.681	0.721	0.00107818529950791	c8	RBM39
3.45986693459123e-08	0.732456652299869	0.093	0.073	0.00116037017252321	c8	CAMK1D
4.1969835402792e-08	0.332156466840801	0.378	0.376	0.00140758433973884	c8	NUP98
4.41598357879326e-08	0.478224851478027	0.233	0.215	0.00148103257265568	c8	KDM2B
5.44285426676105e-08	0.103984494856495	0.889	0.903	0.00182542446398632	c8	YBX1
5.51051555371161e-08	1.02629620143143	0.027	0.016	0.0018481167064038	c8	GAS7
5.62863164298717e-08	0.342851060546863	0.346	0.347	0.00188773048042504	c8	WBP11
6.03239315231247e-08	0.316270586196895	0.387	0.391	0.00202314401542256	c8	ISCA1
6.10319231214416e-08	0.259746225699683	0.496	0.513	0.00204688863764691	c8	NSD3
6.52491304139226e-08	0.660497045264213	0.1	0.08	0.00218832533582214	c8	SIPA1
6.7155704166669e-08	0.470148026717457	0.055	0.039	0.00225226800634175	c8	AREG
7.22423420935067e-08	0.444051487633886	0.277	0.266	0.00242286366913203	c8	SETD2
8.1136271696273e-08	0.172604062106763	0.669	0.706	0.0027211482801496	c8	POLR2L
8.76727799180683e-08	0.217070560085674	0.545	0.572	0.00294036969289217	c8	SURF4
9.11083602166617e-08	1.29134249656079	0.021	0.012	0.0030555921849464	c8	FAM222A
1.03214147091319e-07	0.349638185704758	0.369	0.368	0.00346159606514865	c8	STAT5B
1.03608685089577e-07	0.836148522419101	0.05	0.035	0.00347482808053425	c8	HES4
1.08812474165226e-07	0.809882682683499	0.045	0.031	0.00364935275855336	c8	TRGV2
1.10686673644441e-07	0.34897583465287	0.361	0.36	0.00371220966068727	c8	ARL6IP1
1.20356232358502e-07	0.443111925195448	0.275	0.263	0.00403650732083943	c8	JOSD1
1.22409170614358e-07	0.399931730940523	0.313	0.306	0.00410535876406435	c8	RAB9A
1.40476623247329e-07	0.642008038237652	0.137	0.116	0.00471130499046892	c8	FBXO34
1.55826756163644e-07	0.537426436622751	0.208	0.19	0.00522611774821629	c8	BET1L
1.58104891585115e-07	0.190670763209642	0.605	0.639	0.00530252185398159	c8	EIF4A2
1.73924598821156e-07	0.383500419057982	0.329	0.325	0.00583308319526393	c8	SLC38A2
1.74213632520485e-07	1.16328605001458	0.027	0.016	0.00584277680747201	c8	EAF2
1.81966955243261e-07	0.450630097265506	0.287	0.272	0.00610280774494849	c8	GEM
1.85501366577626e-07	1.12549999384934	0.022	0.013	0.00622134483228041	c8	ARL4D
1.92154424690972e-07	0.146941939624963	0.65	0.668	0.00644447509528581	c8	PIM3
2.13050805437545e-07	0.584869106283652	0.164	0.144	0.00714529791276438	c8	MLLT3
2.14852297969854e-07	1.91807978466071	0.005	0.001	0.00720571636931297	c8	AC099489.1
2.28057382576159e-07	0.156375773388676	0.713	0.732	0.00764858849683923	c8	ZFAS1
2.67493409458783e-07	0.94742813752149	0.042	0.029	0.00897119396642866	c8	DUSP8
2.75207085535227e-07	0.484549475474166	0.208	0.187	0.00922989523468045	c8	CDKN1A
2.78001023702921e-07	0.366928552019335	0.346	0.346	0.00932359833294856	c8	EIF4A1
2.84730885601825e-07	0.526218979837188	0.21	0.195	0.009549304441314	c8	NXF1
2.91911526085106e-07	0.317275216369755	0.39	0.392	0.0097901287618423	c8	PBX4
2.92970726879809e-07	2.09877310678638	0.005	0.001	0.00982565223809503	c8	ZNF532
2.93034566113897e-07	0.203851452962818	0.586	0.606	0.00982779327832788	c8	SFPQ
3.15039287252253e-07	0.537257554497872	0.146	0.125	0.0105657876158661	c8	DTHD1
3.24541754287891e-07	0.252721095393566	0.481	0.503	0.0108844813553073	c8	SRRM2
3.49947472900082e-07	0.454718151531833	0.269	0.258	0.011736538346123	c8	B4GALT1
3.85946937101535e-07	0.460653799838041	0.243	0.229	0.0129438883765113	c8	STX11
4.35582179571143e-07	0.423940941174079	0.272	0.263	0.014608555138457	c8	NDRG1
5.07961312225426e-07	0.426946993174041	0.241	0.227	0.0170360064894163	c8	POR
5.25990295926434e-07	0.158779451206245	0.597	0.639	0.0176406625447808	c8	PSMB6
5.76756906470459e-07	0.231893027903272	0.491	0.517	0.0193432731292063	c8	NRBP1
6.02674044230513e-07	0.36908086154471	0.336	0.335	0.0202124820954029	c8	PHF20
6.58109909916296e-07	0.991899545627062	0.027	0.017	0.0220716901587727	c8	AC234582.1
7.80030717922102e-07	0.797736755289428	0.038	0.026	0.0261606702176714	c8	TNFRSF13C
9.04151539508349e-07	0.283701631715828	0.433	0.447	0.030323434332031	c8	G3BP2
9.69072946639403e-07	0.708661225820483	0.068	0.051	0.0325007684843923	c8	ITGA5
9.94333757005892e-07	0.417416958153762	0.275	0.266	0.0333479655424636	c8	CDK17
1.0409080658048e-06	0.907345303965891	0.048	0.034	0.0349099747109614	c8	SNN
1.08562322736366e-06	0.551862669530674	0.168	0.15	0.0364096317993224	c8	SUPV3L1
1.09427200170959e-06	0.176455871780035	0.617	0.635	0.0366996943933361	c8	MT-ND6
1.12152362890748e-06	1.42516589467637	0.009	0.004	0.0376136594662989	c8	MIR4422HG
1.28146184845245e-06	0.315052897923437	0.377	0.38	0.0429776674733983	c8	AAED1
1.32749978604562e-06	0.23279517710525	0.484	0.5	0.0445216878243981	c8	NAA50
1.48307267010009e-06	0.216543940535613	0.523	0.549	0.0497392912098168	c8	SLC38A1
