p_val	avg_log2FC	pct.1	pct.2	p_val_adj	cluster	gene
0	1.53753766754175	0.836	0.445	0	c6	IL7R
0	0.616755282131448	0.975	0.919	0	c6	CD7
1.01640790153732e-302	0.790478843896463	0.905	0.768	3.40882882017585e-298	c6	ZFP36L2
2.2346039787457e-300	0.771395650002534	0.861	0.714	7.49441482391734e-296	c6	FXYD5
9.20726289187219e-228	0.376686924919956	0.996	0.984	3.08793182867609e-223	c6	SARAF
1.00257496902228e-213	0.984047265802501	0.486	0.279	3.36243593110693e-209	c6	RORA
1.4219315750477e-201	0.723597337233523	0.998	0.993	4.76887411639498e-197	c6	FTH1
2.25299322226755e-196	0.758736596129026	0.737	0.555	7.5560886688409e-192	c6	CREM
2.19300185759413e-191	0.568997437147391	0.896	0.797	7.35488962999918e-187	c6	NR3C1
3.22959561930699e-189	0.346314398103995	0.997	0.989	1.08314177880318e-184	c6	SRGN
9.28685971538063e-179	1.01274997101125	0.423	0.245	3.11462701134436e-174	c6	TNFRSF25
6.7027234579051e-176	0.709121488954079	0.652	0.465	2.24795939331221e-171	c6	MBP
8.80822111425289e-173	0.535456386941412	0.916	0.843	2.95410119729813e-168	c6	PGK1
5.72732213438537e-161	0.24313885189942	0.998	0.994	1.92082929743017e-156	c6	TPT1
7.39070371068054e-159	0.660968795000414	0.882	0.768	2.47869421048804e-154	c6	MT2A
1.56587244528834e-158	0.897271235455505	0.462	0.29	5.25162300700805e-154	c6	TMEM123
4.33516820213534e-144	0.411575880302741	0.993	0.976	1.45392871163215e-139	c6	VIM
9.69573825379318e-132	0.845494870976099	0.458	0.301	3.25175669555716e-127	c6	TPM4
6.33266927534562e-131	0.879970890373681	0.528	0.372	2.12385062156541e-126	c6	DDIT4
3.50905193830673e-127	0.365074597148149	0.964	0.927	1.17686583906931e-122	c6	PABPC1
6.35324273862117e-127	0.755364088333399	0.518	0.362	2.13075054967877e-122	c6	GLIPR1
7.93271162037502e-127	0.779196427764641	0.522	0.365	2.66047282324137e-122	c6	FOXP1
1.20343968226834e-123	1.89839550100463	0.102	0.032	4.03609600639154e-119	c6	CCR6
5.32233231771857e-123	0.401688031792055	0.888	0.774	1.78500381271645e-118	c6	TGFB1
1.40739153142766e-117	0.514179575595931	0.768	0.651	4.7201097181021e-113	c6	FAM177A1
2.37095830092268e-112	0.398560224719744	0.835	0.675	7.95171994963447e-108	c6	ALOX5AP
3.8471660048438e-111	0.362854396707956	0.911	0.824	1.29026253470451e-106	c6	SPOCK2
7.59461494144198e-111	1.65512649381837	0.158	0.068	2.54708195906081e-106	c6	MAL
7.94957818248875e-111	0.809342769480566	0.474	0.33	2.66612953084308e-106	c6	LINC01871
2.51595380159278e-109	0.38839658223988	0.962	0.934	8.43800585978188e-105	c6	BTG1
7.1212000559678e-108	1.40082456438176	0.204	0.103	2.38830807477048e-103	c6	TMEM173
3.87374075016516e-104	0.634866563808361	0.55	0.402	1.29917517279039e-99	c6	PIM1
2.37352565019995e-103	0.732791654022187	0.447	0.307	7.96033032564059e-99	c6	STAT4
1.25694777961151e-99	0.784806276198021	0.452	0.32	4.21555146326107e-95	c6	SLC16A3
1.93490856853e-99	0.624544598251622	0.579	0.435	6.4892963571359e-95	c6	ID2
3.49702947592759e-99	0.708046801508165	0.384	0.248	1.1728337456366e-94	c6	NFKBIZ
2.554630160335e-94	0.561231489982278	0.7	0.578	8.56771863173153e-90	c6	BIRC3
1.22496207214217e-93	0.536136958267819	0.669	0.552	4.10827779755041e-89	c6	EML4
2.30412376190849e-93	0.397676180524722	0.852	0.758	7.72757027268871e-89	c6	S100A11
2.64548211672523e-89	0.716579833607521	0.51	0.387	8.87241792307308e-85	c6	SERPINB9
5.10729218583859e-89	0.303656645662445	0.951	0.908	1.71288365328655e-84	c6	PTPRC
6.35261803335334e-89	0.428125836870722	0.773	0.672	2.13054103602604e-84	c6	FAM129A
2.31094285522725e-87	0.400376598685522	0.811	0.708	7.75044014786116e-83	c6	CYTIP
2.49035728715747e-87	1.4555156349809	0.118	0.049	8.35216026966872e-83	c6	LEF1
2.77954603312901e-86	0.816867611838859	0.374	0.252	9.32204148590808e-82	c6	SYTL2
7.41352135544825e-85	0.768947216526411	0.333	0.214	2.48634679219023e-80	c6	CD55
1.16648466103232e-84	0.365730123483935	0.861	0.791	3.9121562561702e-80	c6	FYN
1.49875047240079e-84	0.354420839166247	0.868	0.796	5.02650933433776e-80	c6	LRRFIP1
1.56727681782311e-84	0.956334167900467	0.244	0.141	5.25633299161516e-80	c6	CAPG
6.67962842845392e-83	1.22664088944339	0.177	0.092	2.24021378233488e-78	c6	POU2F2
6.77233105008224e-83	0.762961941063831	0.356	0.237	2.27130438757658e-78	c6	RASSF5
8.02760400839806e-81	1.16358678248949	0.181	0.095	2.69229783233654e-76	c6	FURIN
1.25950961156481e-80	0.61242036940747	0.504	0.382	4.22414333526607e-76	c6	PBX4
1.85004505169729e-80	0.583022691910226	0.563	0.439	6.20468109438236e-76	c6	NINJ1
2.6756588690294e-79	0.927334337576814	0.318	0.208	8.9736247149508e-75	c6	SLC1A4
1.58374787995398e-73	0.315951667753573	0.923	0.881	5.31157363978965e-69	c6	YWHAB
3.81831576675399e-72	0.466512308062459	0.606	0.483	1.28058674185395e-67	c6	FKBP5
7.70921150077048e-72	0.374037142337887	0.781	0.688	2.5855153531284e-67	c6	ANXA2
1.74236547034714e-71	0.640752993314793	0.449	0.338	5.84354531445024e-67	c6	PPP1CB
2.28403933152922e-71	1.13429324395154	0.168	0.09	7.66021111008271e-67	c6	ADAM19
3.35894137472462e-70	0.786239975955369	0.327	0.221	1.12652175825514e-65	c6	GPR65
1.57018897404166e-69	1.42489607253597	0.097	0.041	5.2660997811409e-65	c6	IRS2
7.79419200486718e-69	0.362489878401605	0.824	0.752	2.61401611459236e-64	c6	MYH9
1.07842981300083e-68	0.416326224890171	0.715	0.625	3.6168379068422e-64	c6	PDCD4
1.21000251974836e-66	0.702367989826147	0.375	0.27	4.05810645073204e-62	c6	TRAF4
3.85312767051078e-66	0.775579914282953	0.288	0.189	1.29226195813591e-61	c6	GPR171
3.45218696710496e-65	0.49497787895765	0.561	0.448	1.15779446502766e-60	c6	SNX9
1.50857281285471e-64	0.470579044153355	0.612	0.508	5.05945149975212e-60	c6	LPXN
3.69647302810563e-63	1.03416990071368	0.177	0.1	1.23972312416607e-58	c6	SOCS3
6.3458398025472e-63	1.75436765500031	0.054	0.018	2.12826775297828e-58	c6	TIMP1
1.69355790312866e-62	0.556449234488906	0.503	0.399	5.67985449551291e-58	c6	PDCD1
1.75854459168174e-62	1.0365600974677	0.125	0.061	5.89780685158222e-58	c6	SPRY1
7.18155911600131e-62	0.287310003358885	0.938	0.889	2.40855129632452e-57	c6	S100A6
8.73849048868709e-62	0.745113333629395	0.277	0.181	2.93071494009588e-57	c6	CDKN1A
7.50188613295725e-61	0.746955842927636	0.329	0.231	2.5159825712712e-56	c6	GRAMD1A
4.87970683743062e-58	1.07376120255417	0.162	0.091	1.63655607913748e-53	c6	PASK
2.97153986961339e-57	0.542431196701371	0.488	0.386	9.96595041470939e-53	c6	SLC2A3
5.35124455584916e-56	0.624194837620381	0.348	0.249	1.79470039914069e-51	c6	DAPK2
2.32794742205508e-54	0.611502027993123	0.369	0.273	7.80747006408833e-50	c6	P2RY10
4.06076284370645e-54	0.758879279906086	0.266	0.179	1.36189864252227e-49	c6	PFKFB3
7.74479543006125e-54	0.331029087458348	0.742	0.662	2.59744949133394e-49	c6	STK17A
8.93013525307929e-54	0.96147225876005	0.19	0.116	2.99498876117773e-49	c6	SATB1
1.60876189872255e-53	0.562640194376474	0.422	0.32	5.39546565593569e-49	c6	CHN1
9.09137087606875e-53	0.962259687709221	0.156	0.088	3.04906396441594e-48	c6	LINC02195
2.94949289504756e-52	0.102674322369731	1	0.999	9.89200927141052e-48	c6	RPL32
3.55594598946313e-52	0.180247795431682	0.995	0.986	1.19259316594614e-47	c6	RPS16
9.26615432382313e-52	0.509723418746879	0.39	0.291	3.1076828371238e-47	c6	CD5
9.84034867375274e-52	0.143436977555224	1	0.999	3.30025613820319e-47	c6	PTMA
1.03708423537101e-51	0.123289304583756	0.999	0.996	3.47817310858731e-47	c6	RPL37
2.36769485361924e-51	0.453011984098867	0.558	0.469	7.94077500006821e-47	c6	ITGB1
7.93534115493517e-51	0.552828518382146	0.518	0.428	2.66135471654216e-46	c6	PDCL3
2.63343312968998e-50	0.973449857829848	0.208	0.133	8.83200803035424e-46	c6	XCL1
5.72818033791794e-50	0.237470767105947	0.687	0.579	1.92111712173092e-45	c6	ANXA1
8.45993064419167e-50	0.514192852486507	0.371	0.272	2.837291539449e-45	c6	ANKRD28
1.12927078967906e-49	0.702864993342068	0.259	0.175	3.78734837442562e-45	c6	SLAMF1
1.29697963075329e-49	0.377530351711571	0.673	0.591	4.34981028562039e-45	c6	FAM107B
2.40338738169269e-49	2.10399797781231	0.035	0.01	8.06048060072096e-45	c6	PTPN13
5.68664892154728e-49	0.921952069186788	0.19	0.118	1.90718831530853e-44	c6	GNA15
5.79911863884824e-49	1.32450883415151	0.086	0.04	1.94490840909692e-44	c6	PDE4A
8.73555317927337e-49	0.627184354514777	0.335	0.246	2.9297298252647e-44	c6	IL4R
9.94697413144316e-49	0.529704655451427	0.391	0.296	3.33601618420341e-44	c6	FKBP11
1.13159444536573e-48	0.350181457964075	0.691	0.615	3.79514145086758e-44	c6	RHOG
3.71007585801274e-48	1.45135096553238	0.075	0.033	1.24428524126031e-43	c6	SLCO4A1
4.29093914450108e-48	0.42739851094308	0.581	0.494	1.43909517028277e-43	c6	GYPC
7.50324577019365e-48	0.452607079659316	0.43	0.336	2.51643856640754e-43	c6	PRNP
1.27313912587805e-46	0.476389750979102	0.451	0.358	4.26985400036981e-42	c6	PDE4D
6.75047124516313e-46	1.06419655921825	0.124	0.068	2.26397304620281e-41	c6	NCF4
4.13150378372176e-45	0.411189425104122	0.506	0.412	1.3856237389846e-40	c6	NELL2
4.77863636381759e-45	0.600356245681651	0.291	0.206	1.60265906369714e-40	c6	PTGER4
9.12097535062857e-45	0.413627388236938	0.616	0.535	3.05899271309381e-40	c6	LGALS3
1.09857357240248e-44	0.266494360994035	0.755	0.653	3.68439604712344e-40	c6	MYL12A
3.65403789196111e-44	0.490878333306508	0.434	0.346	1.22549122820592e-39	c6	EVI2A
4.14014630595844e-44	0.448106168720072	0.472	0.382	1.38852226809234e-39	c6	CAMK4
6.43592377040065e-44	0.557754953226413	0.358	0.272	2.15848011411697e-39	c6	TIFA
1.19498108767132e-43	0.4165520217378	0.547	0.464	4.00772757183206e-39	c6	PDE3B
3.56803886602712e-43	0.791746079449389	0.228	0.155	1.19664887488818e-38	c6	LAYN
4.98920174271934e-43	0.336200516311902	0.678	0.594	1.67327848047321e-38	c6	HNRNPUL1
3.2240465838263e-42	0.310383018742558	0.706	0.631	1.08128074328366e-37	c6	MSN
4.36438019524159e-42	1.07812777519733	0.094	0.048	1.46372582988012e-37	c6	LSR
7.06699191048839e-42	0.330702838683758	0.521	0.423	2.3701277469396e-37	c6	ZC3H12A
1.71374150964313e-41	0.84528525028555	0.204	0.137	5.74754627504112e-37	c6	AGPAT5
8.87511664746886e-41	0.242914873568403	0.805	0.716	2.97653662122811e-36	c6	RBPJ
1.13823027972803e-40	0.53193011105156	0.342	0.26	3.81739671215186e-36	c6	CRY1
2.9409959998635e-40	0.87592491902907	0.159	0.099	9.8635123843422e-36	c6	FOSL2
3.33658937551158e-40	0.17398774521343	0.967	0.944	1.11902534475907e-35	c6	ARHGDIB
4.75843869897011e-40	1.61978002553488	0.042	0.015	1.5958851708606e-35	c6	SMIM3
2.69589326782558e-39	0.280151956510214	0.776	0.716	9.04148684163344e-35	c6	ANKRD12
2.99697836966525e-39	0.643537417087863	0.272	0.196	1.00512660561833e-34	c6	AKAP5
4.79465263381413e-39	0.505408090098212	0.39	0.307	1.60803060032858e-34	c6	SLFN5
6.52745262432916e-39	1.63782804026948	0.042	0.015	2.18917706114752e-34	c6	MFHAS1
1.27059483247418e-38	0.249635882234601	0.851	0.79	4.26132094915191e-34	c6	ISG20
1.46821951188704e-38	0.569786696165699	0.35	0.271	4.92411459896675e-34	c6	ZEB1
1.64726153333754e-38	0.493878047356455	0.394	0.313	5.52458573050743e-34	c6	FAM118A
4.41503625548711e-38	0.309578948701036	0.682	0.61	1.48071485936527e-33	c6	H2AFV
7.92359066188252e-38	0.427169241543455	0.469	0.389	2.65741383618216e-33	c6	BTG2
1.11041169680659e-37	0.375745171606078	0.565	0.474	3.72409874874994e-33	c6	CXCR6
1.04084779194436e-36	0.599624881773091	0.245	0.174	3.49079532462298e-32	c6	ITPRIPL1
1.94516945830311e-36	0.333849814125545	0.736	0.672	6.52370932925696e-32	c6	ITM2A
3.6557703173769e-36	0.809620033429236	0.188	0.127	1.22607224904186e-31	c6	SYNJ2
4.08104420323648e-36	0.954256329372602	0.114	0.065	1.36870060488145e-31	c6	TNFSF8
5.50806822632843e-36	0.259012323735189	0.78	0.733	1.84729592174603e-31	c6	LEPROTL1
6.38576604235462e-36	0.575940883919032	0.292	0.217	2.14165821528489e-31	c6	TNFRSF18
7.06356853421946e-36	0.893435336537155	0.159	0.101	2.36897961500652e-31	c6	AQP3
7.28353381100903e-36	0.296307953935026	0.64	0.563	2.44275156953621e-31	c6	ARHGAP9
7.40801478738723e-36	0.139688699307381	0.977	0.959	2.48449999939393e-31	c6	PPIA
1.21800705229125e-35	1.01260370449965	0.081	0.041	4.08495205197441e-31	c6	RASGRP2
1.91574863534827e-35	0.867469957834717	0.132	0.079	6.42503777323104e-31	c6	SELL
2.40930248100071e-35	0.46622974218941	0.211	0.141	8.08031866078017e-31	c6	TRAV21
1.65227757508318e-34	0.874980736797228	0.137	0.085	5.54140853131398e-30	c6	RASSF2
2.89441915047637e-34	1.499869330972	0.091	0.05	9.70730294686765e-30	c6	TNFRSF4
3.45396641353847e-34	0.6831434282788	0.213	0.15	1.15839125577253e-29	c6	HGSNAT
3.77560826892966e-34	0.406713932741031	0.544	0.472	1.26626350123363e-29	c6	SYAP1
9.47159710454779e-34	0.501919074795341	0.385	0.31	3.17658423692324e-29	c6	IL2RB
2.75200344664734e-33	0.233916250879282	0.84	0.795	9.22966915936584e-29	c6	NDUFS5
4.38245500786054e-33	0.340931498134472	0.6	0.534	1.46978776053627e-28	c6	NDFIP1
4.92525908375196e-33	0.252274270743065	0.861	0.817	1.65183339150873e-28	c6	ZFP36
8.20003087075625e-33	0.190207449605236	0.76	0.694	2.75012635343423e-28	c6	JUNB
8.23387279955002e-33	0.361219559420837	0.518	0.444	2.76147625951309e-28	c6	PRKAR1A
9.04707754527875e-33	0.453828856957141	0.386	0.31	3.03420886713559e-28	c6	TENT5C
9.93417455771718e-33	1.78165410434294	0.031	0.011	3.33172346316719e-28	c6	CYB561
1.00528961918339e-32	0.300205569200099	0.652	0.591	3.37154032481727e-28	c6	TNIP1
1.16648376793415e-32	0.126488111508347	0.689	0.606	3.91215326089754e-28	c6	JUN
2.32198815411378e-32	1.8384919197623	0.027	0.009	7.78748387126678e-28	c6	CTSL
2.56837539555843e-32	0.24144219315484	0.924	0.887	8.61381740162388e-28	c6	SQSTM1
5.24297807018464e-32	0.312796863560119	0.648	0.588	1.75838998517852e-27	c6	SMAP2
5.96966444987087e-32	0.414813256651327	0.346	0.266	2.00210606319769e-27	c6	CCR7
6.12208833405836e-32	1.82814268644928	0.029	0.01	2.05322598547649e-27	c6	IRAK2
1.406749035615e-31	0.846988640962839	0.136	0.086	4.71795491564558e-27	c6	CSGALNACT1
1.70862228200493e-31	0.460901689988952	0.372	0.3	5.73037740938814e-27	c6	IL21R
1.74091206166909e-31	0.979688714787739	0.103	0.06	5.83867087242579e-27	c6	GRAMD1B
1.75450167804844e-31	0.484570119977046	0.299	0.226	5.88424772783887e-27	c6	ENTPD1
2.06623663921546e-31	0.539250585390475	0.289	0.221	6.92974444060081e-27	c6	CPD
2.6356737664006e-31	0.3144532576692	0.592	0.527	8.83952267775432e-27	c6	GABARAPL1
3.27844042472093e-31	0.351809919909171	0.497	0.42	1.09952334964291e-26	c6	ARID5A
4.45259131956873e-31	0.124764559206561	0.983	0.969	1.49331007675696e-26	c6	RPL22
7.78639698417497e-31	0.468278309009477	0.386	0.316	2.6114018205526e-26	c6	SEPT6
8.50266543498048e-31	0.242000804547703	0.704	0.626	2.85162393358375e-26	c6	SH2D2A
1.71600481073785e-30	1.40008741399276	0.044	0.019	5.75513693425261e-26	c6	HLF
2.69444367500832e-30	0.294187441443849	0.626	0.559	9.03662519724291e-26	c6	GSPT1
3.24618235849596e-30	0.291738163405177	0.622	0.555	1.08870463939238e-25	c6	ZYX
3.35947134167378e-30	0.176663215775577	0.872	0.826	1.12669949857055e-25	c6	CD99
3.77507978166482e-30	0.22399382583003	0.79	0.738	1.26608625717475e-25	c6	SRSF2
5.96875861151102e-30	0.589904273369712	0.239	0.177	2.00180226312857e-25	c6	KDSR
6.7807686403523e-30	0.13624810829544	0.872	0.823	2.27413418660135e-25	c6	S100A10
1.05846662826611e-29	0.107444316227654	1	1	3.54988537787888e-25	c6	MALAT1
1.06798950352143e-29	0.51517359067287	0.313	0.247	3.58182319691019e-25	c6	LGALS8
3.0710565105777e-29	0.6509076632006	0.224	0.163	1.02997093251755e-24	c6	CMSS1
4.39829809822064e-29	0.196762260871837	0.851	0.8	1.47510121618124e-24	c6	LAPTM5
9.67832895789093e-29	1.30994450387394	0.048	0.022	3.24591796589746e-24	c6	CLU
2.25300255215647e-28	0.62878784506627	0.192	0.135	7.55611995942238e-24	c6	ARRDC2
2.91838952263712e-28	0.28313424403632	0.655	0.594	9.78769478102036e-24	c6	SYTL3
4.34984860654459e-28	0.329535060053776	0.537	0.471	1.45885222566292e-23	c6	OSBPL8
4.84450052044087e-28	0.36399441476936	0.423	0.35	1.62474858454546e-23	c6	PHLDA1
5.3311444520889e-28	1.83782328437781	0.021	0.006	1.78795922634158e-23	c6	CD40LG
6.42815515093101e-28	0.304881212164704	0.59	0.529	2.15587467451924e-23	c6	CD53
6.49176430399509e-28	0.456598115954592	0.324	0.255	2.17720791227387e-23	c6	SOCS1
1.03704352837535e-27	0.342209192218358	0.465	0.395	3.47803658546524e-23	c6	EMB
1.21680227245534e-27	0.261294605016028	0.74	0.675	4.08091146136072e-23	c6	IFITM2
7.3411448129666e-27	0.218310972763706	0.718	0.652	2.46207314737274e-22	c6	EMD
1.54380129394708e-26	0.330360206098694	0.483	0.42	5.17760077963971e-22	c6	ELOVL5
1.81805498609389e-26	1.83556736085824	0.031	0.012	6.09739281236169e-22	c6	BCAR3
1.81882824679819e-26	0.142453165099445	0.96	0.938	6.09998617411177e-22	c6	YWHAZ
3.68411855833978e-26	0.48256818337441	0.313	0.25	1.23557968209599e-21	c6	PLEKHA2
4.34713002620162e-26	0.140264888714848	0.932	0.895	1.4579404681875e-21	c6	MYL12B
4.72894837230194e-26	0.818187426880262	0.082	0.047	1.58599470510263e-21	c6	S1PR1
5.25080572656692e-26	0.270696778767198	0.646	0.583	1.76101522457602e-21	c6	NFKB2
5.47708519179072e-26	1.43744811011503	0.037	0.016	1.83690483162277e-21	c6	GFPT2
7.05350855341205e-26	0.550428912859643	0.216	0.159	2.36560569864333e-21	c6	RNF125
1.16247579554276e-25	0.682641987171681	0.175	0.125	3.89871132309132e-21	c6	UXS1
1.16871363116648e-25	1.84157406840251	0.025	0.009	3.91963177620614e-21	c6	MCAM
2.30523415345059e-25	1.43202498551165	0.044	0.02	7.73129430384258e-21	c6	CCR4
4.08766067051594e-25	0.299119255119905	0.561	0.504	1.37091963567764e-20	c6	C9orf78
4.9013949156095e-25	0.383262046282382	0.349	0.284	1.64382982679711e-20	c6	EVI2B
5.05178828572201e-25	0.427347345441833	0.21	0.151	1.69426875526545e-20	c6	TRBV27
7.82234374131354e-25	0.260443544422258	0.597	0.534	2.62345764396174e-20	c6	PAK2
9.8533192889774e-25	0.502032248547763	0.273	0.214	3.30460622313724e-20	c6	GPAT4
1.58897466075447e-24	0.347774942348766	0.396	0.328	5.32910321723833e-20	c6	TRAF1
1.67217519267858e-24	1.56073740460605	0.028	0.011	5.60814116120542e-20	c6	C1orf162
2.2656918574626e-24	0.488524552718754	0.286	0.228	7.59867735155808e-20	c6	OGDH
2.89179822621666e-24	0.781239038257254	0.11	0.07	9.69851289108545e-20	c6	BACH2
6.453092877536e-24	0.567265151514998	0.204	0.151	2.16423828926802e-19	c6	DOCK10
6.63555701718883e-24	0.824868924623447	0.102	0.064	2.22543311242479e-19	c6	IL18RAP
6.64405464376277e-24	0.428461877796625	0.292	0.231	2.22828304642516e-19	c6	GCHFR
8.87124653628553e-24	0.511545816750507	0.217	0.162	2.97523866333944e-19	c6	CSNK1G2
1.24641015261104e-23	0.350481821122567	0.425	0.365	4.18021036982692e-19	c6	ARRB2
2.20970634698734e-23	0.442248403396222	0.312	0.253	7.41091314652615e-19	c6	USP3
2.41288445996145e-23	0.281727138590436	0.782	0.745	8.09233190181872e-19	c6	SAT1
2.82936048542115e-23	0.3587540761862	0.402	0.341	9.48910919600544e-19	c6	RFTN1
2.83196496002087e-23	0.582181734684872	0.176	0.127	9.497844082918e-19	c6	ELL2
4.32964625268644e-23	0.705684918655859	0.113	0.073	1.45207676022598e-18	c6	APBA2
4.91452000624186e-23	0.141670884220032	0.996	0.994	1.64823171969339e-18	c6	TMSB4X
7.45659829771649e-23	1.21397834072078	0.049	0.025	2.50079393708816e-18	c6	THBS1
1.56930581886975e-22	0.198234754337174	0.755	0.698	5.26313785532536e-18	c6	PRDX1
1.83957256271961e-22	0.418250553031572	0.358	0.301	6.16955846084904e-18	c6	TYMP
4.03460359595512e-22	0.85060019268981	0.093	0.058	1.35312535401143e-17	c6	SERINC5
4.79879764044797e-22	0.310087616523961	0.527	0.466	1.60942075265344e-17	c6	LDLRAD4
5.63979771117417e-22	0.687658265912404	0.112	0.073	1.89147535637359e-17	c6	SNAI3
5.92576946759313e-22	0.153872323395493	0.825	0.773	1.98738456404138e-17	c6	CXCR4
7.20591662414797e-22	1.62339987284075	0.021	0.007	2.41672031740675e-17	c6	SLCO3A1
1.96261149833436e-21	0.142813647114109	0.885	0.843	6.58220644311378e-17	c6	CD2
2.00745868727546e-21	0.652551547672354	0.141	0.098	6.73261494538442e-17	c6	PKIA
2.35899855751819e-21	0.55602609384041	0.223	0.17	7.9116093622045e-17	c6	LTB
2.37568900659213e-21	0.132931827234131	0.954	0.929	7.96758579030868e-17	c6	EEF2
2.70147449552258e-21	0.234579890712398	0.604	0.542	9.06020516308364e-17	c6	RGS10
7.91303318623981e-21	0.425263156848796	0.336	0.282	2.65387307000111e-16	c6	S1PR4
2.08822133622745e-20	0.203978732569564	0.575	0.507	7.00347671743961e-16	c6	REL
2.19727999823076e-20	0.404002255283205	0.323	0.267	7.36923765806631e-16	c6	NBL1
2.38152356863973e-20	0.785323479007014	0.108	0.072	7.98715374450393e-16	c6	MID1IP1
6.47291437712974e-20	0.152873956122148	0.859	0.819	2.17088602380177e-15	c6	TPM3
7.31939131898456e-20	0.260980808600176	0.637	0.59	2.45477746056104e-15	c6	CYTOR
8.2623188524829e-20	0.29672563910913	0.481	0.425	2.77101649674571e-15	c6	SMCHD1
9.91106461532839e-20	0.464927167068204	0.283	0.231	3.32397285068883e-15	c6	PPIF
1.58246183033891e-19	0.620600359818696	0.193	0.148	5.30726048659063e-15	c6	LPAR2
1.95661467658959e-19	0.325896490755209	0.409	0.355	6.56209430234616e-15	c6	BIRC2
2.00157508902516e-19	0.207230437293942	0.727	0.686	6.71288253357259e-15	c6	GNAS
2.10791376004946e-19	0.297684891833853	0.453	0.398	7.06952116845387e-15	c6	BHLHE40
2.6039538372447e-19	0.259275951734951	0.613	0.567	8.73314037935129e-15	c6	CAST
3.81414844454863e-19	0.681251878435961	0.12	0.083	1.27918910533272e-14	c6	MIR3142HG
4.36607472542552e-19	0.155812422945968	0.792	0.741	1.46429414141321e-14	c6	UBE2D2
7.63862315273992e-19	0.203799185411291	0.604	0.543	2.56184143296592e-14	c6	SELPLG
8.48835560190417e-19	1.11087471905322	0.05	0.027	2.84682470176662e-14	c6	GPR35
1.00477181018549e-18	0.717462806694319	0.111	0.076	3.36980369700009e-14	c6	PLEKHG2
1.11242301324494e-18	0.303964701841363	0.405	0.351	3.73084430182087e-14	c6	R3HDM4
1.83208889888096e-18	0.975902285246449	0.048	0.026	6.14445974906697e-14	c6	PXN
1.84037686139704e-18	1.89742568020585	0.014	0.005	6.17225591775339e-14	c6	CD248
2.02387750876163e-18	2.10069019590095	0.011	0.003	6.78768038888476e-14	c6	P2RY14
2.03172709308059e-18	0.113717248443473	0.957	0.932	6.81400632477369e-14	c6	H3F3A
2.13933231536861e-18	0.366427244551419	0.387	0.333	7.17489271928325e-14	c6	IRF7
2.15670977612784e-18	0.423100632034203	0.274	0.223	7.23317324717754e-14	c6	TSEN54
2.83479015378133e-18	1.42786944802263	0.039	0.019	9.50731921775183e-14	c6	TRAV16
2.8715925982281e-18	0.632833685529695	0.131	0.093	9.63074725593739e-14	c6	MPRIP
3.2815721914499e-18	0.85676463533498	0.069	0.041	1.10057368156847e-13	c6	MYC
3.36301303074841e-18	0.677775400289817	0.089	0.057	1.1278873102524e-13	c6	RASSF3
5.34254466703627e-18	0.325699688682983	0.27	0.218	1.79178263043062e-13	c6	XCL2
8.14550499478546e-18	0.552569405876559	0.193	0.149	2.73183946515115e-13	c6	HIST1H2AC
9.24541831641127e-18	0.43465890889937	0.266	0.218	3.10072839495801e-13	c6	RCAN3
1.51074880781461e-17	1.03277653087935	0.055	0.032	5.06674935164864e-13	c6	GPR34
2.0661710404959e-17	0.252732133029867	0.476	0.422	6.92952443561514e-13	c6	RELA
2.18627532264798e-17	0.224243142799003	0.572	0.519	7.33233017709679e-13	c6	CDC42SE2
2.68136827238171e-17	0.318450783677771	0.4	0.352	8.99277291191379e-13	c6	CYTH1
2.95185820684589e-17	0.241758144162815	0.563	0.511	9.89994205411973e-13	c6	PTPN22
2.96575217994524e-17	0.577646399863379	0.166	0.125	9.94653966110035e-13	c6	DEAF1
3.87962147249543e-17	0.644388026854001	0.177	0.137	1.30114744944552e-12	c6	NSMCE1
4.02414820596413e-17	0.30116528464241	0.397	0.345	1.34961882531625e-12	c6	CTLA4
4.38501870221127e-17	0.333068233266765	0.396	0.349	1.47064757234762e-12	c6	YIPF5
6.52522083493127e-17	0.139001456073585	0.891	0.862	2.18842856361925e-12	c6	CYBA
6.5774514015804e-17	0.21618415355631	0.6	0.546	2.20594565106204e-12	c6	CD96
7.88048072254507e-17	0.133580504067892	0.813	0.768	2.64295562472716e-12	c6	EMP3
1.13890696171547e-16	0.953332319101818	0.072	0.045	3.81966616820136e-12	c6	HIPK2
1.31180251402223e-16	0.160179735220557	0.646	0.572	4.39952327152776e-12	c6	LINC02446
1.61895544250381e-16	0.137464008730623	0.841	0.801	5.42965276306927e-12	c6	SLC3A2
1.62202330205487e-16	0.359157836513749	0.309	0.26	5.43994175043162e-12	c6	JOSD1
1.64448195341355e-16	0.806095279997293	0.064	0.039	5.51526357535835e-12	c6	AC021188.1
2.34282107759307e-16	0.291631941457039	0.461	0.407	7.85735333003164e-12	c6	XBP1
2.98788348705503e-16	0.206520182197425	0.407	0.345	1.00207636388852e-11	c6	KLRB1
4.08356000914377e-16	0.219026774472471	0.567	0.517	1.36954435586664e-11	c6	RNF149
4.82788256880713e-16	0.441248284272551	0.363	0.319	1.61917525592653e-11	c6	MIR4435-2HG
4.90976661366034e-16	0.115598724632006	0.926	0.895	1.6466375268894e-11	c6	CCNI
5.36508937548137e-16	0.62733829942269	0.118	0.084	1.79934367474894e-11	c6	RETREG1
6.06588670172327e-16	0.394478329392236	0.283	0.236	2.03437708202395e-11	c6	GPRIN3
6.40205171360914e-16	0.358495633988299	0.308	0.259	2.14712010371023e-11	c6	PDE4B
8.10436472163116e-16	0.785605009640431	0.074	0.047	2.71804184034066e-11	c6	D2HGDH
1.03806545077493e-15	0.228344751067129	0.593	0.55	3.48146390880895e-11	c6	TIGIT
1.11007425052294e-15	0.221663036516793	0.549	0.507	3.72296702140383e-11	c6	CSNK1D
1.25339439057856e-15	0.188067678090741	0.641	0.594	4.20363410712239e-11	c6	CSTB
1.53024451396632e-15	1.59601463384969	0.022	0.009	5.13213405094023e-11	c6	H2AFY2
1.98560280543851e-15	0.623984601855558	0.103	0.071	6.65931468887969e-11	c6	MPP7
2.29483889669658e-15	0.641266820130626	0.133	0.099	7.69643069174101e-11	c6	VAV1
2.39103654207364e-15	0.124543060772941	0.851	0.811	8.01905835480656e-11	c6	TMEM50A
3.48342907033446e-15	0.106930794700784	0.94	0.911	1.16827244160877e-10	c6	RPL4
7.49868783007128e-15	0.223596549656569	0.501	0.454	2.5149099244493e-10	c6	LCK
9.56470896146121e-15	0.419405089902768	0.262	0.219	3.20781209149486e-10	c6	ABCC1
1.00240730418277e-14	0.238377039911101	0.44	0.393	3.36187361676817e-10	c6	RAP1A
1.03302089955497e-14	0.573915303333101	0.15	0.115	3.46454549292746e-10	c6	ADK
1.16777638958786e-14	0.267949018109656	0.419	0.374	3.91648845539977e-10	c6	DIAPH1
1.49875205211792e-14	0.429187052137536	0.204	0.163	5.02651463239309e-10	c6	PIK3CD
1.91794032954781e-14	0.428338050742879	0.196	0.155	6.43238827723744e-10	c6	CEBPB
2.41619366239178e-14	0.300495708883541	0.282	0.233	8.10343030492956e-10	c6	RARA
4.14539485642643e-14	0.222724455099685	0.502	0.453	1.3902825269483e-09	c6	DDX21
4.27662018757261e-14	0.171793260383815	0.707	0.67	1.4342928785081e-09	c6	JAK1
4.57995009573288e-14	0.456028686606063	0.16	0.122	1.53602366310689e-09	c6	ZHX2
5.14782542764892e-14	0.463097679922697	0.207	0.167	1.7264776919249e-09	c6	SPTBN1
5.42822267439135e-14	0.334570695107582	0.369	0.327	1.82051732053737e-09	c6	DYNLT1
5.47492802107064e-14	0.115602783043011	0.875	0.848	1.83618135970667e-09	c6	TMBIM6
7.45064207122357e-14	0.332322727084749	0.329	0.288	2.49879633784696e-09	c6	PLEKHB2
9.23306881120237e-14	0.181303017483735	0.723	0.682	3.09658661790105e-09	c6	AHNAK
1.04192833752763e-13	0.239803560289903	0.424	0.379	3.49441925840016e-09	c6	HIF1A
1.11652980468822e-13	0.227731361976823	0.508	0.463	3.74461765896335e-09	c6	PPA1
1.13168063220459e-13	0.204040518044784	0.355	0.305	3.79543050428775e-09	c6	GLUL
1.16950984080102e-13	0.258759249212769	0.455	0.41	3.92230210407848e-09	c6	ABRACL
1.17884956429866e-13	0.475878719170315	0.149	0.114	3.95362566874485e-09	c6	GPR68
1.49924963593252e-13	0.329401915790166	0.365	0.322	5.02818342899049e-09	c6	SMARCA2
1.87861736793295e-13	0.261583063611506	0.469	0.425	6.30050692857351e-09	c6	NFKB1
2.04344456792782e-13	0.374262268338015	0.251	0.209	6.85330439191634e-09	c6	IRF2BP2
2.09222350723332e-13	0.828105499309003	0.056	0.035	7.01689919855911e-09	c6	SEC14L2
2.21888727244919e-13	0.145607230821328	0.614	0.562	7.44170413434009e-09	c6	STK17B
2.66632798168716e-13	0.260702441311222	0.426	0.381	8.9423307849824e-09	c6	PLEC
3.33699552122254e-13	0.154402614322733	0.755	0.724	1.11916155790762e-08	c6	AKAP13
3.73621486331109e-13	0.46139205574102	0.209	0.172	1.25305174085727e-08	c6	UBASH3A
3.98736763484132e-13	0.227236985787831	0.477	0.432	1.33728335737308e-08	c6	IVNS1ABP
4.90973497964539e-13	0.369327967512572	0.251	0.211	1.64662691747347e-08	c6	ARNTL
4.94983911358149e-13	0.919276012053134	0.042	0.024	1.66007704191296e-08	c6	NCS1
5.30349872281911e-13	0.77650732092755	0.054	0.033	1.77868740165907e-08	c6	SH3TC1
7.5417300017711e-13	0.182791962062672	0.572	0.532	2.52934540799399e-08	c6	SPTAN1
8.1238655863763e-13	0.268460857704727	0.355	0.312	2.72458204035888e-08	c6	ABLIM1
8.63135986029057e-13	0.989456933230478	0.04	0.023	2.89478546994425e-08	c6	PDE7B
9.79018068865821e-13	0.594926046388293	0.088	0.062	3.28343079936219e-08	c6	GRK5
1.03034953921328e-12	0.425236918238127	0.191	0.154	3.4555862846135e-08	c6	UBE2Q2
1.15275755317313e-12	0.566527236013169	0.133	0.102	3.86611828183204e-08	c6	TOX2
1.60437862534885e-12	0.265057797881349	0.395	0.354	5.38076503369497e-08	c6	TRABD
1.61272723973046e-12	0.107199022051217	0.996	0.991	5.40876461660803e-08	c6	TMSB10
1.62807794505946e-12	0.163296221341125	0.738	0.707	5.46024781214041e-08	c6	STK4
1.70063130338722e-12	0.31789574525994	0.3	0.259	5.70357726530006e-08	c6	ZC3H12D
1.75306363434036e-12	1.4461532759656	0.016	0.007	5.87942481685069e-08	c6	FXYD1
1.78802424333194e-12	0.170989288909711	0.56	0.515	5.99667570728666e-08	c6	CAPZA1
1.80992312551521e-12	1.17938675606243	0.025	0.013	6.07012017835291e-08	c6	TRAV1-1
2.27553589412341e-12	0.247806352183592	0.608	0.579	7.63169228171109e-08	c6	ATP1B3
2.3094630067883e-12	0.582725640570195	0.11	0.081	7.7454770321666e-08	c6	RAP2B
2.54067276028473e-12	1.00457508271273	0.03	0.016	8.52090830344292e-08	c6	GAL3ST2
2.64272168884e-12	0.603650664099029	0.103	0.076	8.8631600000316e-08	c6	NBPF14
2.96711687293398e-12	0.592577510059481	0.114	0.085	9.95111656844599e-08	c6	DHRS13
3.22441384632189e-12	0.547957361343375	0.107	0.078	1.08140391577943e-07	c6	TRGV10
3.50235528663026e-12	0.508094674856606	0.1	0.072	1.17461991603006e-07	c6	CAMK1D
3.650923164799e-12	0.226277758893163	0.437	0.397	1.22444661101029e-07	c6	CYB5R3
4.11608608601485e-12	0.615473112374906	0.056	0.036	1.38045295152766e-07	c6	CXCL16
4.96981788362442e-12	0.469943015531382	0.131	0.1	1.66677752180996e-07	c6	HPCAL1
5.45989875469382e-12	1.276653684401	0.023	0.011	1.83114084434921e-07	c6	REG4
5.71245898685962e-12	0.503269368148024	0.15	0.117	1.91584449501298e-07	c6	ELK3
6.17628866026713e-12	0.362634402176098	0.257	0.219	2.07140369088039e-07	c6	UBE2J1
6.92667626641958e-12	0.155981214476435	0.695	0.657	2.3230686862318e-07	c6	CLEC2D
6.96267822425336e-12	0.375989372784604	0.267	0.229	2.33514302285009e-07	c6	PLIN2
7.3596537028313e-12	0.338057167992177	0.245	0.206	2.46828065885556e-07	c6	SYPL1
1.04678795785651e-11	0.453937274675383	0.144	0.112	3.51071745305915e-07	c6	CPNE2
1.06489925867295e-11	0.249490096409935	0.448	0.41	3.57145913373735e-07	c6	KDM6B
1.06523149960154e-11	0.427654007671443	0.363	0.327	3.57257340336364e-07	c6	INSIG1
1.08792517310648e-11	0.306325421538844	0.341	0.305	3.64868344556452e-07	c6	SFXN1
1.13650718094768e-11	0.371062361401336	0.195	0.159	3.81161778346234e-07	c6	ABCG1
1.2019761455809e-11	0.709842226975018	0.058	0.038	4.03118759704921e-07	c6	IL18R1
1.37396605744595e-11	0.661470252316426	0.072	0.049	4.60800736346222e-07	c6	AC007384.1
1.4607592535944e-11	1.15129478819618	0.026	0.014	4.89909438470489e-07	c6	PGLYRP2
1.60382389222237e-11	1.6414162639904	0.011	0.004	5.3789045697354e-07	c6	GDPD5
1.75301516179895e-11	0.522475425578484	0.155	0.124	5.87926224964132e-07	c6	MAML2
1.80151397948077e-11	1.99299490494575	0.009	0.003	6.04191758438261e-07	c6	BTBD11
1.86846499762573e-11	0.542223794217814	0.124	0.095	6.26645790903719e-07	c6	ESYT2
1.88758843014415e-11	0.187802737980779	0.6	0.561	6.33059407701744e-07	c6	EIF3E
2.04992883380045e-11	0.619281736072035	0.059	0.039	6.87505132279994e-07	c6	CCL20
2.27715079649478e-11	0.529487189104213	0.101	0.074	7.63710834128421e-07	c6	PRKCI
2.31220966608745e-11	0.216563233237014	0.553	0.52	7.75468877812408e-07	c6	TNFRSF1B
2.54210514367542e-11	0.362468415771586	0.28	0.241	8.52571223085862e-07	c6	AL133415.1
3.33473940442088e-11	1.08223115796846	0.021	0.01	1.11840490145467e-06	c6	FXYD7
3.3794471761453e-11	2.65664337614176	0.004	0.001	1.13339899393561e-06	c6	ODAPH
3.66673916446831e-11	0.132795962106691	0.8	0.77	1.22975098097938e-06	c6	RELB
3.67554742844922e-11	0.482928846246912	0.113	0.084	1.2327050965533e-06	c6	ANKH
3.80890747385017e-11	0.765257635457794	0.061	0.041	1.27743138857987e-06	c6	LRRC2
3.98077804343302e-11	0.434098946277841	0.186	0.154	1.33507334020657e-06	c6	STK24
4.20695163487519e-11	0.200380310773548	0.437	0.397	1.41092743930444e-06	c6	PARP8
4.64894484524453e-11	0.45473000359044	0.205	0.171	1.55916312219811e-06	c6	FLT3LG
4.95514736926584e-11	0.389696132575275	0.122	0.093	1.66185732470438e-06	c6	GADD45G
5.09830599386845e-11	0.236015075942868	0.36	0.322	1.7098698642236e-06	c6	RAB8B
6.13311682301936e-11	0.26306357349087	0.317	0.279	2.05692472010423e-06	c6	DSTN
6.9723484314481e-11	0.541270550629078	0.106	0.08	2.33838621693906e-06	c6	USP20
7.11972393822753e-11	0.219235553584817	0.445	0.408	2.38781301440275e-06	c6	FMNL1
7.60129152886003e-11	1.00898638160624	0.023	0.012	2.54932115294908e-06	c6	LINC00239
8.17467608914604e-11	0.22561201721342	0.485	0.45	2.7416228667778e-06	c6	FLNA
8.36962919494998e-11	0.469866980449274	0.152	0.12	2.80700623940232e-06	c6	CLIC3
8.42397985200288e-11	0.137166665400269	0.713	0.671	2.82523436276473e-06	c6	FNBP1
8.99172950872519e-11	0.310091997925044	0.27	0.233	3.01564624263625e-06	c6	CRYBG1
9.65071815420353e-11	0.179271426188803	0.523	0.488	3.23665785455678e-06	c6	TMED2
1.03097918152567e-10	0.401547344051183	0.169	0.136	3.4576979790008e-06	c6	CERK
1.13264124312175e-10	0.464580387641062	0.121	0.093	3.79865220118174e-06	c6	ADAM8
1.28629943289764e-10	0.237584770548005	0.501	0.467	4.31399103805211e-06	c6	UCP2
1.54629678550016e-10	0.844673744169446	0.029	0.016	5.18597015921042e-06	c6	GNAO1
1.55428063119867e-10	0.169355890305926	0.617	0.583	5.21274638091409e-06	c6	CDC37
1.6518286197105e-10	0.231403777524855	0.364	0.325	5.53990282478508e-06	c6	EHD1
1.86593061904715e-10	0.529920372320255	0.082	0.059	6.25795811016033e-06	c6	EVA1C
2.0009731660114e-10	0.502735282148008	0.079	0.056	6.71086380416904e-06	c6	GRAMD1C
2.17437004269932e-10	0.957749806469349	0.037	0.023	7.29240224920496e-06	c6	AC017002.1
2.17855384805984e-10	0.215603925484782	0.403	0.363	7.30643389562309e-06	c6	CHMP4B
2.30606135621066e-10	0.209286756442938	0.442	0.405	7.7340685764593e-06	c6	G3BP1
2.41228063080484e-10	0.143918047662788	0.578	0.537	8.09030677959327e-06	c6	RUNX3
2.4313948178142e-10	0.299002068019118	0.327	0.292	8.15441193998526e-06	c6	PRDM2
2.46158128148592e-10	0.566663874256148	0.076	0.054	8.25565130184747e-06	c6	TNFSF13B
2.76899513498936e-10	0.535046306984472	0.092	0.068	9.2866558837273e-06	c6	LFNG
3.05131714080606e-10	0.567861200416023	0.114	0.088	1.02335074268354e-05	c6	CD226
5.68394049666816e-10	0.507516498311893	0.101	0.076	1.90627996377257e-05	c6	MICAL1
6.07391442352059e-10	0.417768624597787	0.162	0.132	2.03706941936034e-05	c6	GMIP
6.38652305167592e-10	0.248083486870381	0.376	0.339	2.14191210107107e-05	c6	RBBP7
6.79355728768144e-10	0.344784994925819	0.261	0.228	2.2784232431426e-05	c6	USF2
8.45544203348137e-10	0.625427224651982	0.07	0.05	2.83578614918898e-05	c6	FAM69A
9.12353970706187e-10	0.282670605476092	0.253	0.217	3.05985274695441e-05	c6	USP36
9.91301819634570e-10	0.226343860199296	0.435	0.406	3.32462804269042e-05	c6	SDF4
1.02899164610453e-09	0.209005575046008	0.453	0.421	3.45103218270537e-05	c6	ADSS
1.20824204988587e-09	0.107203627022151	0.443	0.397	4.05220218690722e-05	c6	RHOH
1.25373648690272e-09	0.173887121416798	0.578	0.546	4.20478142977434e-05	c6	SERINC1
1.30155088024275e-09	0.461067747202194	0.12	0.094	4.36514134215812e-05	c6	PPP3CA
1.3186275167699e-09	0.688211859753208	0.064	0.045	4.4224129657429e-05	c6	DAPP1
1.36643950221704e-09	0.146367647721607	0.603	0.567	4.5827648025355e-05	c6	GLUD1
1.58944814381694e-09	0.366168133628362	0.155	0.126	5.33069118473327e-05	c6	ZNF683
1.65200105350988e-09	0.448535916813382	0.119	0.092	5.54048113326142e-05	c6	RELL1
1.73234359411962e-09	0.787621626390659	0.049	0.032	5.80993394595837e-05	c6	THEM4
2.21789509333061e-09	0.133320969705957	0.677	0.647	7.43837656401219e-05	c6	SERP1
2.23243567590098e-09	0.589704411312372	0.083	0.062	7.48714276983669e-05	c6	SLC39A8
2.35628693054672e-09	0.101119333616793	0.729	0.688	7.90251510766761e-05	c6	ATP6V1G1
2.43747580704703e-09	1.39276286366096	0.016	0.007	8.17480636167432e-05	c6	MGLL
2.67881374814557e-09	1.49336582410955	0.012	0.005	8.98420554853061e-05	c6	SMOX
2.72350033151934e-09	0.610478205807874	0.105	0.082	9.13407541184957e-05	c6	ZMIZ1
2.74928411370519e-09	0.154405339536668	0.65	0.612	9.22054906054446e-05	c6	WDR1
3.01752350151715e-09	0.325901646019119	0.183	0.152	0.000101201703193882	c6	PHF12
3.26159320229966e-09	1.8221876837118	0.008	0.003	0.000109387312818726	c6	AHRR
3.45574411055038e-09	0.121248359396874	0.69	0.661	0.000115898745979639	c6	SEC62
4.08405386693873e-09	1.6455434348194	0.011	0.005	0.000136970998589391	c6	CRMP1
4.09837175038011e-09	0.285244538080667	0.32	0.288	0.000137451191764248	c6	RBMS1
4.30968646783853e-09	0.196140539454926	0.555	0.523	0.000144538264758369	c6	TRBC1
5.64900115375027e-09	0.388184751104704	0.151	0.123	0.000189456200694477	c6	CDC14A
5.76814120600829e-09	0.421875220797913	0.201	0.172	0.000193451919767106	c6	RUNX2
6.0064628804388e-09	0.222465941879784	0.317	0.282	0.000201444752084156	c6	JMJD1C
6.09745411758959e-09	0.406904302189389	0.11	0.085	0.00020449641619572	c6	TSPAN2
6.19103408246141e-09	0.25806058589826	0.304	0.27	0.000207634901057591	c6	GEM
6.59803997842296e-09	0.319019493582838	0.308	0.277	0.000221285064796349	c6	AHI1
7.1781958700608e-09	0.203709014050211	0.42	0.388	0.000240742333090099	c6	ISCA1
7.19525944204817e-09	0.164462714403956	0.329	0.29	0.000241314611167412	c6	PIK3R1
7.43367246112024e-09	0.306044483212991	0.192	0.16	0.000249310507001051	c6	SKI
8.15885786389624e-09	0.222618257957405	0.515	0.492	0.000273631775039352	c6	EIF3J
8.82038964877486e-09	0.733857627703494	0.061	0.043	0.000295818228040611	c6	IGFBP4
8.84916270444113e-09	0.660460576088601	0.07	0.051	0.000296783218781547	c6	ZC2HC1A
9.01169059446508e-09	0.300943369081584	0.292	0.261	0.00030223407915717	c6	MYO1G
9.45978074641393e-09	0.183343274353531	0.428	0.393	0.00031726212667323	c6	ARID5B
9.59967650090542e-09	0.199939719392512	0.428	0.394	0.000321953950487366	c6	PTPN1
9.79803843256997e-09	0.253146147424395	0.256	0.223	0.000328606612951531	c6	FYTTD1
9.86403692800334e-09	0.489840743060793	0.145	0.119	0.000330820070491376	c6	BCOR
9.91954120226945e-09	0.791917516398029	0.052	0.036	0.000332681572841713	c6	IL2RA
1.12061291908407e-08	0.823177989741511	0.044	0.029	0.000375831160802414	c6	ATP1B1
1.28983277350839e-08	0.328969679031445	0.239	0.209	0.000432584115579245	c6	STAM
1.3258283031209e-08	0.13677961757697	0.584	0.55	0.000444656296300687	c6	ZFP36L1
1.55356282272951e-08	0.12766506052743	0.993	0.992	0.000521033899487024	c6	ACTB
1.57768060734436e-08	0.175918658566557	0.507	0.477	0.000529122522091152	c6	TRAM1
1.62111255828932e-08	0.108419695736212	0.801	0.763	0.000543688729799072	c6	ISCU
1.79099999128835e-08	0.234716235797794	0.2	0.17	0.000600665577078288	c6	RGS2
1.80407572220838e-08	0.137458626613285	0.49	0.452	0.000605050915714245	c6	MGAT4A
1.90306966112332e-08	0.146255828865592	0.574	0.544	0.000638251502947541	c6	SLC38A1
2.03022622486456e-08	1.37810951049675	0.012	0.005	0.000680897271295075	c6	TIMP2
2.15778467162094e-08	0.553892313809564	0.092	0.071	0.000723677823168231	c6	ETV6
2.17674862122417e-08	0.1519684999793	0.57	0.533	0.000730037952586163	c6	VDAC1
2.42028609284994e-08	0.319804813130685	0.214	0.185	0.000811715549820013	c6	NANS
2.51656597649031e-08	0.236552724977889	0.267	0.234	0.000844005897195319	c6	GRAP2
2.61755414099328e-08	0.314250889865169	0.228	0.198	0.000877875307806328	c6	CCM2
2.65095121216632e-08	0.169324364804166	0.631	0.599	0.000889076017536339	c6	TXN
3.50009688238524e-08	0.254779474800592	0.277	0.245	0.00117386249241436	c6	CMIP
3.54118436835115e-08	0.557361757016125	0.051	0.035	0.00118764241345761	c6	STX1A
4.13838325806816e-08	1.52642954205158	0.006	0.002	0.0013879309770909	c6	LAIR1
4.22101464264723e-08	0.943887915487875	0.028	0.017	0.00141564389085103	c6	TLCD1
4.22745689245918e-08	0.192117237486444	0.476	0.439	0.00141780449259296	c6	MT1X
4.23783234654444e-08	0.228920518472915	0.418	0.386	0.00142128421238407	c6	HDLBP
4.46552987236115e-08	0.289526053242058	0.256	0.225	0.00149764940859248	c6	RBM38
4.53735399806396e-08	0.367904939773149	0.185	0.158	0.00152173778387069	c6	SSH1
4.62203619968559e-08	0.27399563080387	0.205	0.175	0.00155013850065055	c6	VSIR
4.77266985250703e-08	0.266997074962648	0.237	0.207	0.00160065801513381	c6	OXNAD1
5.09173945147392e-08	0.160249469084888	0.483	0.449	0.00170766757723532	c6	DCXR
5.1005012504096e-08	0.190561086631991	0.392	0.359	0.00171060610936237	c6	ATP2B1
5.39108094309817e-08	0.597116322182146	0.064	0.046	0.00180806072669626	c6	CLECL1
5.88432126484445e-08	0.465423738159539	0.143	0.119	0.00197348366580353	c6	CDCA7
5.88685048796082e-08	0.179335584121734	0.437	0.409	0.0019743319166523	c6	TMOD3
6.37735946056345e-08	0.209249950374542	0.348	0.318	0.00213883881588377	c6	GOLPH3
7.2039812438299e-08	0.587853493845603	0.112	0.09	0.00241607122955567	c6	CBR3
7.70152807723953e-08	0.356575362810725	0.162	0.135	0.00258293848654459	c6	HIVEP2
7.71064185686783e-08	0.497268718506961	0.08	0.06	0.00258599506595633	c6	CHD7
7.78992824440375e-08	0.102946779806854	0.684	0.631	0.00261258613460813	c6	RAC2
7.79991980356532e-08	0.184883389658482	0.444	0.414	0.00261593710371974	c6	ARPC1B
7.82541144145858e-08	0.70625251310185	0.036	0.023	0.00262448648923638	c6	CD101
7.94551446109896e-08	0.116535665626536	0.592	0.557	0.00266476663996337	c6	CCSER2
8.50313061298088e-08	0.205113785567329	0.347	0.315	0.00285177994498153	c6	MAT2A
8.56632986248243e-08	0.610440890233932	0.026	0.016	0.00287297570927936	c6	SORL1
9.7468552420267e-08	0.158591650432112	0.461	0.43	0.00326890031107091	c6	IER2
1.00875998033897e-07	0.239985659629321	0.356	0.326	0.00338317922206083	c6	GPR137B
1.0560519242963e-07	0.511178323823249	0.105	0.083	0.00354178694370492	c6	LMO4
1.05760476325627e-07	0.70694501265404	0.057	0.041	0.00354699485500887	c6	TMEM154
1.10538791332596e-07	0.482107505897638	0.102	0.081	0.00370724998371261	c6	AC008105.3
1.16145434985862e-07	0.218273722175576	0.625	0.601	0.00389528559855585	c6	HLA-DQB1
1.20623434205593e-07	0.165810854843889	0.337	0.302	0.00404546873638718	c6	CSRNP1
1.23999598882964e-07	0.571929348659419	0.043	0.029	0.00415869854733686	c6	SSBP2
1.28846611956366e-07	0.157827816626084	0.489	0.462	0.00432125767179259	c6	RBM17
1.33004250902155e-07	0.871216477700374	0.028	0.017	0.00446069656675649	c6	TRABD2A
1.49929325343764e-07	0.320423154636299	0.226	0.199	0.00502832971337916	c6	HTATIP2
1.53763181445859e-07	1.3162046712059	0.016	0.008	0.00515690957933122	c6	FOXP3
1.54405915382304e-07	0.192141049747664	0.375	0.342	0.00517846559009172	c6	SNHG15
1.66560266709769e-07	0.624522771673547	0.057	0.041	0.00558609822491223	c6	IKBKE
1.6951824287741e-07	0.17204479700448	0.471	0.441	0.00568530282962258	c6	SLC9A3R1
2.07418029141311e-07	0.129131489397756	0.541	0.509	0.00695638586134128	c6	KRAS
2.18676617838245e-07	1.02584433364592	0.024	0.014	0.00733397640905908	c6	USP46
2.25496421957018e-07	1.09072195713979	0.011	0.005	0.00756269899959446	c6	SWAP70
2.33825759294471e-07	0.375713513917223	0.149	0.125	0.00784204831521797	c6	MTMR6
2.39120366613014e-07	0.123305511109264	0.953	0.934	0.00801961885546725	c6	ACTG1
2.39828341440848e-07	0.27346674626337	0.243	0.216	0.00804336291524317	c6	PRKAR2A
2.40461226619735e-07	0.682496240694407	0.031	0.019	0.00806458861837268	c6	RBKS
2.44019450539395e-07	0.102480339331908	0.786	0.76	0.00818392433219023	c6	EIF4G2
2.46330598878292e-07	0.569179973621618	0.058	0.042	0.00826143562518016	c6	CORO2A
2.51077979714228e-07	0.267740855016747	0.29	0.263	0.00842065328365578	c6	CYB5A
2.84164641199889e-07	1.20496472135734	0.013	0.006	0.00953031373656188	c6	SERPINB9P1
2.86000557968651e-07	0.32163396173115	0.191	0.165	0.00959188671315262	c6	TRPS1
3.11454721663915e-07	0.343384927736132	0.161	0.135	0.0104455684551644	c6	CALHM2
3.73781643486609e-07	0.487004358842628	0.088	0.068	0.0125358887592539	c6	CD9
3.7552342891574e-07	0.36732013543422	0.161	0.137	0.0125943047589761	c6	AP1S2
4.03286765141682e-07	0.407318531576647	0.127	0.105	0.0135254315293217	c6	AKT3
4.41097546097077e-07	0.261633065960441	0.206	0.178	0.0147935295010038	c6	STK38
4.50709777545747e-07	0.521570383317288	0.077	0.059	0.0151159045193293	c6	IMPDH1
4.55370890897308e-07	0.246516106764345	0.264	0.236	0.0152722289389139	c6	BACH1
5.35263728889748e-07	0.778909231263582	0.041	0.028	0.0179516749395044	c6	BTLA
5.89792340381482e-07	1.53522232520143	0.008	0.003	0.0197804555117141	c6	PPM1L
6.04193315165531e-07	0.175825147603982	0.393	0.363	0.0202634354040216	c6	CNOT6L
6.6100137377508e-07	0.158404341971162	0.442	0.414	0.0221686640736686	c6	YME1L1
6.69066235731102e-07	0.317931342586445	0.247	0.223	0.0224391434139497	c6	KCTD20
7.27890119074461e-07	0.176108018562274	0.355	0.326	0.0244119788135193	c6	HM13
7.30291232121741e-07	0.206875617975181	0.334	0.307	0.024492507342899	c6	RAB6A
7.75574030343456e-07	0.201368615698104	0.348	0.32	0.0260112018296588	c6	MACO1
8.00738074523598e-07	0.398063907320161	0.105	0.084	0.0268551535433724	c6	ITPKB
8.19325230594695e-07	0.402351456511871	0.102	0.082	0.0274785295836849	c6	RNF24
8.32791076966821e-07	0.288921543805265	0.208	0.183	0.0279301471393132	c6	AMZ2
8.46070915866856e-07	1.45963196031667	0.008	0.004	0.0283755263763426	c6	AC010247.2
8.97714754931224e-07	0.288556003499376	0.253	0.228	0.0301075574508834	c6	MCM6
9.34472972809839e-07	0.146869788248829	0.54	0.511	0.0313403545620964	c6	TSPYL2
1.06550985048523e-06	0.278913107161846	0.23	0.204	0.0357350693655736	c6	ARHGAP15
1.09097744050881e-06	0.743902376207547	0.032	0.021	0.0365892013997844	c6	MAN1C1
1.13539406472303e-06	0.725142119130305	0.02	0.011	0.0380788461426811	c6	SLC12A7
1.15906546718113e-06	0.14714975212853	0.461	0.433	0.0388727376383209	c6	BNIP3L
1.17460712291848e-06	0.33646042930899	0.231	0.205	0.0393939736884398	c6	IRF4
1.19817557887297e-06	0.384157226246957	0.147	0.125	0.0401844125642418	c6	LMBR1
1.26390406011705e-06	0.159439244897442	0.426	0.398	0.0423888143682058	c6	MAX
1.28300520875289e-06	0.618520090937163	0.051	0.037	0.0430294286911544	c6	NUDT19
1.3561662659895e-06	1.61613481319129	0.007	0.003	0.0454831042287559	c6	FES
1.41359305066195e-06	0.453140208547337	0.101	0.082	0.0474090837331005	c6	BCL2A1
