p_val	avg_log2FC	pct.1	pct.2	p_val_adj	cluster	gene
0	1.8428046999452	0.598	0.223	0	c2	CCR7
0	2.37915521236099	0.455	0.13	0	c2	GPR183
0	1.23259136826226	0.703	0.444	0	c2	IL7R
0	2.48478159830584	0.337	0.081	0	c2	KLF2
0	1.90709640876319	0.356	0.119	0	c2	TCF7
0	1.46065368969381	0.48	0.25	0	c2	MCUB
0	1.02076569978669	0.927	0.746	0	c2	LMNA
0	3.60439708739838	0.206	0.026	0	c2	S1PR1
0	1.48868358021133	0.367	0.188	0	c2	TES
0	1.47211295939952	0.377	0.201	0	c2	CD55
0	1.20204930625325	0.726	0.567	0	c2	ANXA1
0	3.8249003342249	0.159	0.017	0	c2	KLF3
0	0.85185357615385	0.904	0.766	0	c2	TGFB1
0	2.37339792982787	0.15	0.038	0	c2	ITGA5
0	1.31314776774941	0.908	0.815	0	c2	S100A10
0	0.759639246590301	0.851	0.759	0	c2	EMP3
0	0.719435741794978	0.878	0.791	0	c2	LRRFIP1
0	0.713689954754345	0.967	0.924	0	c2	EZR
0	0.649023331062895	0.989	0.948	0	c2	TAGLN2
0	0.789731540595202	0.993	0.975	0	c2	VIM
0	0.436721966143687	0.993	0.984	0	c2	RPL3
0	0.467375878621914	0.996	0.988	0	c2	MT-CO3
0	0.958956967191249	0.997	0.992	0	c2	FTH1
0	0.304375492172573	0.999	0.997	0	c2	RPLP2
0	0.316857213440096	1	0.998	0	c2	RPL13
0	0.347077387943346	1	0.999	0	c2	RPS12
0	0.251481869277114	1	0.999	0	c2	RPL39
0	0.238180944275883	1	0.999	0	c2	RPL30
0	0.302421990397048	1	0.999	0	c2	RPS3
0	0.324769769618738	0.999	0.999	0	c2	RPS14
0	0.333457299024372	1	1	0	c2	EEF1A1
0	0.278313469019142	1	1	0	c2	RPL10
1.44968339925768e-304	0.438770925766404	0.994	0.987	4.86194818443041e-300	c2	MT-CYB
2.90165704876651e-290	0.709423175309293	0.799	0.68	9.73157741015313e-286	c2	ANXA2
4.00656188142938e-289	0.220440040458001	0.999	0.999	1.34372072379379e-284	c2	RPS27
6.80869559461568e-289	0.45518280492259	0.992	0.986	2.28350032852221e-284	c2	MT-ND3
5.7631190623218e-288	0.456818497762539	0.962	0.924	1.93283487112149e-283	c2	CD44
1.42274534809496e-286	0.693818220848035	0.564	0.344	4.77160334844089e-282	c2	GZMK
5.26505184110083e-273	0.304653579718988	0.999	0.998	1.7657930864684e-268	c2	RPS8
8.97071601979123e-271	0.169610543781529	1	1	3.00859873871758e-266	c2	RPL41
1.08472808948655e-256	0.438336033076042	0.963	0.946	3.63796106652e-252	c2	MT-ND1
4.44768848842777e-236	0.233860858206656	0.999	0.999	1.4916657652489e-231	c2	RPL34
1.13701482138452e-233	0.560229694535893	0.868	0.805	3.8133203079594e-229	c2	CRIP1
5.15719761857644e-229	0.289732248475712	0.999	0.997	1.72962093731817e-224	c2	RPS3A
8.37133168767272e-229	0.234859697377543	0.999	0.997	2.80757722141168e-224	c2	RPS21
1.20497767202236e-228	1.68361415491414	0.188	0.074	4.04125411642858e-224	c2	RASA3
7.06696292786074e-225	0.237039176122204	0.999	0.997	2.37011802674593e-220	c2	RPS23
3.9907493173905e-224	1.47090036483736	0.263	0.129	1.33841750606642e-219	c2	P2RY8
2.57047280262776e-223	0.192358831882493	1	1	8.62085168545298e-219	c2	RPL28
8.87346552022999e-221	0.453669136225173	0.935	0.891	2.97598286617474e-216	c2	LDHA
4.87173272713818e-217	0.263625582241398	0.996	0.993	1.6338817220276e-212	c2	RPS18
2.2241665424476e-214	1.25011916558426	0.341	0.197	7.45940975006075e-210	c2	LYAR
3.20608630857824e-209	0.520197435309842	0.853	0.734	1.07525722617097e-204	c2	RGCC
1.94671294553622e-208	0.208545938547308	1	0.998	6.52888587673936e-204	c2	RPS28
1.89095002167123e-206	0.49167080006255	0.866	0.765	6.34186818268097e-202	c2	CXCR4
6.7809160433095e-198	0.89879904751858	0.537	0.397	2.27418362260514e-193	c2	CXCR3
9.32080881618625e-194	0.22499323672953	0.992	0.99	3.12601286077254e-189	c2	RPL23A
1.19123622406829e-188	2.07280686817792	0.11	0.034	3.99516804828023e-184	c2	RASGRP2
1.63251795911417e-187	1.12191320592314	0.356	0.217	5.47513873127709e-183	c2	YBX3
3.36320945632375e-175	0.235549826052202	0.99	0.985	1.12795318746186e-170	c2	RPL9
1.7809948758699e-174	1.08733079453425	0.397	0.269	5.97310061469247e-170	c2	S1PR4
8.73920870215667e-174	0.513645311539984	0.842	0.775	2.9309558145293e-169	c2	MYADM
5.02305384372749e-173	2.39522992148116	0.078	0.02	1.68463179810933e-168	c2	PXN
9.94023496859349e-173	0.189975921867995	1	0.999	3.33375600376689e-168	c2	RPL19
2.48872230139586e-172	0.202753196424281	0.999	0.999	8.34667685442144e-168	c2	RPL32
1.3103382001259e-169	0.230529880970638	1	0.998	4.39461225558223e-165	c2	PTMA
4.91633944895549e-167	1.82161665567218	0.124	0.045	1.64884192439069e-162	c2	SAMD3
8.25776788241528e-165	1.70730765192431	0.135	0.052	2.76949019240444e-160	c2	TC2N
1.34439449148939e-163	0.405716114235711	0.897	0.861	4.50883024555711e-159	c2	MT-ND2
5.82274724780064e-162	0.242368338086419	0.999	0.998	1.95283297196738e-157	c2	MT-CO2
2.31351862485162e-159	0.173054816706252	1	0.999	7.75907876402737e-155	c2	RPS27A
4.46191204795416e-159	0.199704786701755	0.998	0.995	1.49643606264287e-154	c2	RPL14
2.50585708069808e-157	0.625553111166652	0.751	0.675	8.40414347724522e-153	c2	AHNAK
2.35020692145028e-156	0.208295064622104	0.995	0.993	7.88212397315994e-152	c2	RPL36
2.74495613632072e-151	0.213776328280226	0.991	0.99	9.20603388999243e-147	c2	RPS29
6.56278354378924e-151	1.05109443496458	0.312	0.194	2.20102634491603e-146	c2	SYPL1
6.77864016785624e-150	1.20339967764486	0.275	0.159	2.27342033949562e-145	c2	LTB
6.39127603739678e-148	0.217578947964368	0.998	0.997	2.14350615742213e-143	c2	RPS13
4.08439348042393e-147	0.417211180297221	0.848	0.796	1.36982388546458e-142	c2	IDS
1.3321283178013e-145	2.13298143153119	0.085	0.026	4.46769195224199e-141	c2	N4BP3
1.47831040811231e-144	0.272658833437982	0.994	0.989	4.95795744672707e-140	c2	MT-ND4L
4.00594615711411e-143	0.232093139514179	0.99	0.986	1.34351422217293e-138	c2	RPS16
1.57591950745701e-142	0.44791751195398	0.81	0.744	5.28531884410931e-138	c2	PLP2
2.42594979451699e-140	1.5215853604864	0.155	0.069	8.13615042085109e-136	c2	DKK3
9.42865939126007e-139	1.86222237825919	0.128	0.053	3.1621837866408e-134	c2	CRIP2
2.56737694729303e-135	1.66981387168791	0.111	0.042	8.61046880583136e-131	c2	LSR
9.14525997742614e-135	1.5513739252599	0.144	0.064	3.06713729122918e-130	c2	CAMK1D
3.71247469660412e-134	0.35723251329707	0.919	0.893	1.24508976374709e-129	c2	EEF1B2
1.07559684451621e-132	0.194467564830943	0.998	0.997	3.60733669713848e-128	c2	RPL8
1.12014127116808e-132	1.50414918054005	0.128	0.053	3.75672979524351e-128	c2	EPHA4
9.06851111187268e-131	0.621139554000087	0.479	0.354	3.04139725669986e-126	c2	TAGAP
2.65921189962918e-130	0.225174874527971	0.991	0.985	8.91846486897633e-126	c2	RPS5
4.86433687273029e-129	0.242292843750177	0.877	0.829	1.63140130037628e-124	c2	KLF6
4.04999076843358e-128	0.207673837215848	0.994	0.991	1.35828590391725e-123	c2	RPS6
4.19747768197515e-127	0.344451035768056	0.882	0.812	1.40775006498083e-122	c2	ZFP36
5.22382661703341e-126	0.16422557023148	0.997	0.995	1.75196697082066e-121	c2	RPS2
1.34058056964554e-125	0.25310405969711	0.959	0.952	4.49603911447722e-121	c2	RPL38
3.8719500361183e-125	0.207850950342888	0.994	0.991	1.29857460311336e-120	c2	RPLP0
6.80691827403076e-118	0.975515788122276	0.275	0.172	2.28290425074443e-113	c2	PLK3
1.24373060716487e-113	2.18242819867575	0.069	0.022	4.17122371030954e-109	c2	ANTXR2
1.54421833105462e-112	0.152351307254946	1	0.999	5.17899943869098e-108	c2	RPL11
1.87859651479349e-112	0.683448852936715	0.484	0.38	6.30043699131442e-108	c2	GIMAP7
5.8086961267909e-106	0.18272238752786	1	0.997	1.94812050700313e-101	c2	MT-CO1
9.19795796270462e-106	0.137294071319014	1	0.999	3.08481114153188e-101	c2	RPS15A
3.81341047350091e-105	0.649740126264136	0.461	0.361	1.27894160460273e-100	c2	CYSTM1
1.24534260722783e-98	0.205611341298626	0.992	0.99	4.17663003612071e-94	c2	RPS25
2.04211810788184e-98	3.07547765626055	0.025	0.004	6.84885571021412e-94	c2	HPCAL4
8.50198092809014e-98	2.66996434510469	0.035	0.007	2.85139436366287e-93	c2	FXYD7
1.09165165565452e-95	0.211083894896966	0.988	0.985	3.66118132273412e-91	c2	RPL5
8.32202402950671e-94	3.46479616375681	0.021	0.003	2.79104041901596e-89	c2	SVIL
2.14886810016805e-93	0.201990666522899	0.654	0.566	7.20687383434361e-89	c2	HIST1H4C
5.6156789075396e-92	0.680520867729926	0.443	0.352	1.88338639201063e-87	c2	MARCKSL1
3.60785835220783e-91	2.97441721449663	0.029	0.005	1.21000353416346e-86	c2	SLCO3A1
1.01197619188121e-87	0.122928289190805	1	0.999	3.39396575233119e-83	c2	RPL35A
3.98818260360925e-86	1.14095306469562	0.201	0.124	1.33755668159847e-81	c2	CDC25B
8.91487806957143e-86	2.16266303408647	0.054	0.017	2.98987180697287e-81	c2	NXPH4
3.3596356528669e-85	0.272256917417635	0.941	0.929	1.1267546052585e-80	c2	PABPC1
1.16804470480303e-83	0.390862214248946	0.756	0.723	3.91738833096841e-79	c2	FXYD5
1.72483032374267e-83	2.14555360917756	0.044	0.012	5.78473593976818e-79	c2	SORL1
8.6344258076853e-83	0.485145358299291	0.349	0.252	2.8958137273815e-78	c2	DUSP1
1.13471817514064e-82	0.194839970194944	0.996	0.995	3.80561781578668e-78	c2	RPS4X
8.52661444729003e-82	0.528898804020997	0.53	0.457	2.85965595333213e-77	c2	TMEM43
8.91445748882675e-82	0.980824883028551	0.24	0.158	2.98973075260272e-77	c2	CMSS1
1.44998437619059e-79	2.62712561607194	0.027	0.005	4.86295760086799e-75	c2	DHRS3
3.88368424134674e-78	1.33077541185586	0.139	0.076	1.30251002086287e-73	c2	SELL
4.89178109744753e-78	0.175909254651567	0.979	0.973	1.64060554446195e-73	c2	RPL13A
6.75893513364818e-77	0.234263892693234	0.954	0.939	2.26681166512293e-72	c2	MT-ND5
6.05446514434973e-76	1.70334236449367	0.061	0.022	2.03054652011201e-71	c2	LDLRAP1
6.98149963611725e-76	0.286734434859145	0.856	0.826	2.341455347961e-71	c2	CD99
5.28515942099425e-75	2.41802851589436	0.035	0.009	1.77253676661305e-70	c2	NSG1
4.5785788117949e-74	0.467545723309489	0.549	0.471	1.53556376189977e-69	c2	MBP
6.53844397631289e-74	2.85795770403529	0.025	0.005	2.19286334077582e-69	c2	CXCR5
7.99743957995022e-74	0.259958303569862	0.881	0.859	2.68218128632371e-69	c2	SKP1
1.25559411172731e-73	1.79370415904854	0.066	0.026	4.21101153191104e-69	c2	C1orf21
5.14607538436687e-73	0.295753226386647	0.938	0.933	1.72589076240896e-68	c2	MT-ATP8
1.02345938613968e-72	0.122213288459866	0.999	0.997	3.43247808923525e-68	c2	RPL7A
2.91081559603968e-72	0.202519724512825	0.984	0.979	9.76229334599788e-68	c2	MT-ATP6
3.55106291804936e-71	0.533046327820326	0.748	0.769	1.19095548145539e-66	c2	S100A11
1.4070496895429e-70	2.75734022952396	0.022	0.004	4.71896324878899e-66	c2	SORBS3
1.54972786749647e-70	3.1785481806718	0.018	0.003	5.19747732200966e-66	c2	EMP1
1.80285785650071e-70	0.162913862499053	0.995	0.994	6.04642467913208e-66	c2	TPT1
4.01350878440076e-70	0.363282803479536	0.701	0.655	1.34605057611233e-65	c2	FAM177A1
6.46725765339297e-70	1.16194290511965	0.14	0.079	2.16898887179494e-65	c2	TSPAN2
4.99292365737441e-69	1.15906990181253	0.134	0.074	1.67452673621023e-64	c2	CDKN2D
1.42680690591587e-68	0.27195502163319	0.715	0.633	4.78522500106063e-64	c2	DUSP2
3.40312921390778e-68	0.945623241623162	0.237	0.164	1.14134147576039e-63	c2	FLT3LG
1.52571032400618e-67	0.707864704016539	0.305	0.227	5.11692728465194e-63	c2	RARA
1.58919936809585e-67	0.198496611429636	0.975	0.966	5.32985684071987e-63	c2	CALM1
3.53833036811753e-67	2.36271697201022	0.027	0.006	1.18668523885926e-62	c2	SPINT2
1.15537229468852e-63	4.4425437087265	0.01	0.001	3.87488760192635e-59	c2	VSIG1
2.83355925809662e-63	1.94375036919918	0.038	0.012	9.50319103980445e-59	c2	TPRG1
1.39838356546249e-62	0.125539732744405	0.999	0.999	4.68989880184809e-58	c2	RPL18A
2.63257222911981e-61	0.232767904824153	0.873	0.867	8.82912074202203e-57	c2	RPL27A
9.95422547277814e-60	0.861654504283419	0.224	0.156	3.33844813906033e-55	c2	UPP1
2.35135062491116e-59	0.819454369018186	0.241	0.172	7.88595972582705e-55	c2	STK38
5.40579712234913e-59	0.328992332015512	0.599	0.537	1.81299623889345e-54	c2	LITAF
9.87561421513224e-59	2.3777622789038	0.025	0.006	3.31208349547105e-54	c2	PLAC8
5.39765688728452e-58	2.00784582229504	0.04	0.014	1.81026616685748e-53	c2	PDLIM1
5.58474794181547e-57	1.27628100558623	0.043	0.015	1.87301276472607e-52	c2	TRBV2
2.06271025181316e-56	2.91138473606245	0.016	0.003	6.91791764253097e-52	c2	AC119396.1
6.75021699836777e-56	0.394002387157425	0.208	0.138	2.26388777691258e-51	c2	FOS
2.8154507266223e-55	2.09079856278283	0.033	0.01	9.44245864694588e-51	c2	KLRG1
6.24257169350726e-55	3.3572525556344	0.013	0.002	2.09363369456846e-50	c2	SPART
6.61804251137865e-55	1.44090842472135	0.072	0.034	2.21955909746617e-50	c2	CD59
1.31387011535542e-54	0.612387312812075	0.359	0.291	4.40645759287901e-50	c2	CD5
1.41971036253012e-54	2.16850281772464	0.031	0.009	4.7614246138535e-50	c2	SLC12A7
7.05386782922919e-53	1.08976590369155	0.12	0.07	2.36572619256689e-48	c2	PRKCI
4.4422678908597e-52	0.637341881394776	0.337	0.274	1.48984780523652e-47	c2	DSTN
1.23806081524214e-51	0.794695293001289	0.266	0.202	4.1522083621591e-47	c2	PPP1R14B
1.76881251658123e-51	0.147777859422474	0.972	0.959	5.93224341811011e-47	c2	PPIA
5.23442281052882e-51	2.42795605283519	0.021	0.005	1.75552072219516e-46	c2	ITGA6
5.94838468671971e-51	0.262040796197168	0.774	0.759	1.99496925623206e-46	c2	NOP53
7.38086739050356e-51	0.444255518029219	0.467	0.401	2.47539530542708e-46	c2	FAM102A
2.80637188246024e-49	0.471972707133436	0.497	0.446	9.41201001939515e-45	c2	FLNA
4.23050286666819e-49	2.61931907808907	0.015	0.003	1.41882605142318e-44	c2	SCGB3A1
5.76554034549196e-49	1.11379645484326	0.114	0.067	1.93364692107109e-44	c2	BACH2
2.71248923592517e-47	0.334770063982138	0.685	0.656	9.09714639944584e-43	c2	YWHAQ
8.86571325871206e-47	0.488511045418686	0.406	0.348	2.97338291270685e-42	c2	R3HDM4
1.69083574213519e-45	0.633974554205437	0.321	0.263	5.670724911973e-41	c2	PNP
3.86345816678838e-45	1.03982676950536	0.117	0.071	1.29572659997749e-40	c2	BNIP3
4.1443577952634e-45	0.836147213388408	0.194	0.138	1.38993471737544e-40	c2	MLLT3
6.48967131044869e-45	0.493113271759069	0.436	0.385	2.17650596409828e-40	c2	NFATC2
6.6909412349696e-45	1.81182174516704	0.036	0.013	2.24400787138411e-40	c2	FGFBP2
8.61449206849626e-45	0.36498549421742	0.542	0.495	2.88912834993228e-40	c2	SRRM2
9.27275200432725e-45	0.589119669709892	0.28	0.218	3.10989556721127e-40	c2	CDC42EP3
4.97223260256653e-44	0.191219947954675	0.791	0.738	1.66758737024876e-39	c2	CST7
5.11620131328515e-44	0.119530403484727	0.99	0.984	1.71587159644957e-39	c2	SARAF
6.34205003452546e-44	0.576893119455675	0.301	0.238	2.12699674057915e-39	c2	PITPNC1
3.61467527520024e-43	0.987161154686654	0.104	0.062	1.21228979379666e-38	c2	MATK
2.22196224596165e-42	0.299640523725501	0.727	0.699	7.45201698050618e-38	c2	PRDX1
7.99896167613514e-42	0.559993696670398	0.365	0.308	2.6826917669422e-37	c2	ABLIM1
6.48172014881654e-41	1.43241864759125	0.06	0.029	2.17383930351009e-36	c2	THEM4
1.36206376011449e-40	1.01624036900455	0.104	0.063	4.56808943867198e-36	c2	FCMR
2.26003801259269e-40	0.390098198453007	0.459	0.404	7.57971548663336e-36	c2	XBP1
4.15991664393805e-40	0.411430131172117	0.503	0.464	1.39515284404394e-35	c2	TECR
7.65233748905315e-40	2.01541262354962	0.026	0.009	2.56644094707865e-35	c2	ACHE
2.50002109572499e-39	0.762419165557111	0.193	0.141	8.38457075084248e-35	c2	ENO2
1.46137689027883e-38	0.451133936277716	0.416	0.367	4.90116581461714e-34	c2	ORAI1
1.60464397004462e-38	3.3998723868636	0.007	0.001	5.38165494673566e-34	c2	PDGFB
3.11591876168417e-38	0.213226518137911	0.87	0.871	1.04501683429364e-33	c2	MT-ND4
1.41404053552472e-37	0.38120756687984	0.499	0.46	4.74240914804281e-33	c2	ATP1A1
2.52189474165362e-37	0.988872045395337	0.136	0.091	8.4579305845579e-33	c2	PASK
3.27395391545666e-37	1.58159821697152	0.046	0.021	1.09801866416585e-32	c2	CDHR3
1.23937314647907e-36	1.55811488700462	0.042	0.019	4.15660965866149e-32	c2	NME4
1.48181508202872e-36	0.622309529181706	0.195	0.142	4.96971142210793e-32	c2	SELENOM
4.21976179299484e-36	0.226311649169991	0.707	0.69	1.41522371013461e-31	c2	ATP6V1G1
7.14088367518083e-36	1.37880934319101	0.039	0.017	2.39490956698215e-31	c2	NKD1
7.45223262964545e-36	0.318513030462257	0.604	0.582	2.49932977933049e-31	c2	CIB1
1.12129767542549e-35	0.14425754968481	0.943	0.933	3.76060814384202e-31	c2	H3F3A
1.9965002484044e-35	0.202546971039113	0.834	0.83	6.69586253309869e-31	c2	PPIB
2.84593262793347e-35	2.6219108372771	0.01	0.002	9.54468884756326e-31	c2	LGMN
5.39069516668493e-35	0.378862154950281	0.556	0.529	1.80793134500279e-30	c2	GABARAPL1
6.74114364377185e-35	1.79713405196209	0.024	0.008	2.2608447552482e-30	c2	SMAGP
9.16427310194828e-35	1.84769012836258	0.028	0.011	3.07351391293141e-30	c2	S1PR5
4.90782280678617e-34	0.752434482187296	0.051	0.025	1.64598561293994e-29	c2	TRBV5-6
5.44612102303214e-34	0.135133692024356	0.966	0.962	1.82652006870452e-29	c2	RPL10A
5.45811678120199e-34	0.837572432615813	0.128	0.086	1.83054320607952e-29	c2	PRR7
2.210079313501e-33	0.122400288931652	0.957	0.959	7.41216400161965e-29	c2	RPL27
3.26713590191183e-33	0.43742819839132	0.434	0.397	1.09573203878319e-28	c2	TMBIM1
4.3548745047125e-33	0.374049200022885	0.463	0.421	1.46053781139048e-28	c2	ARID5A
5.06769738223826e-33	1.27165928383125	0.053	0.027	1.69960434805507e-28	c2	SSBP2
5.3263392939216e-33	0.439524708984754	0.389	0.345	1.78634767239543e-28	c2	MGST3
8.86769771528537e-33	0.148299281792814	0.922	0.911	2.97404845975241e-28	c2	PCBP1
1.09425919455012e-32	3.69234253804067	0.006	0.001	3.66992648668219e-28	c2	HOOK1
3.98410106995003e-32	2.84862082187043	0.008	0.001	1.33618781683984e-27	c2	LINC02273
6.59523405312737e-32	0.315456951859008	0.58	0.543	2.21190959673786e-27	c2	SELPLG
8.45638301313413e-32	0.977618979662347	0.087	0.053	2.83610173494492e-27	c2	GRAMD1C
1.21836349219066e-31	1.31393962280959	0.049	0.024	4.08614748010902e-27	c2	GKAP1
2.53988742911175e-31	0.850799126713358	0.117	0.078	8.51827445975498e-27	c2	KCNA3
4.02317014313521e-31	1.08560844637752	0.073	0.042	1.34929080260469e-26	c2	BEX2
5.48810389338128e-31	0.736233122732419	0.201	0.155	1.84060028376221e-26	c2	PERP
7.23720101924049e-31	1.25246871429378	0.071	0.041	2.42721247783287e-26	c2	IGFBP4
7.90937583235303e-31	1.14442117501167	0.062	0.034	2.65264646665456e-26	c2	CXCL16
2.89157119366195e-30	1.13641963385693	0.054	0.029	9.69775146930345e-26	c2	TPPP
2.94726570204619e-30	1.65381974276485	0.024	0.009	9.88453971152252e-26	c2	STX3
7.98390261462681e-30	2.22028231551355	0.016	0.005	2.67764125889354e-25	c2	BEX5
8.0412587684655e-30	0.103529667531304	0.982	0.98	2.69687736576796e-25	c2	RPL36AL
5.00501983313899e-29	4.06855496114235	0.005	0	1.67858355163815e-24	c2	CX3CR1
8.24513064233023e-29	1.60810823240009	0.023	0.008	2.76525191482471e-24	c2	CDK5R1
1.0236693910388e-28	1.74259042702356	0.022	0.008	3.43318240366594e-24	c2	USP53
1.48275328635357e-28	1.94961542172822	0.018	0.006	4.9728579717726e-24	c2	RIMKLB
2.68078566767718e-28	0.11190628886441	0.985	0.983	8.99081897225573e-24	c2	RPL21
7.73045162632649e-28	3.98010031414088	0.005	0.001	2.59263886643738e-23	c2	AL109741.1
1.90537629636137e-27	0.449654582945548	0.245	0.198	6.39025102273677e-23	c2	TNFAIP8
2.48695897503356e-27	0.801888812790906	0.117	0.08	8.34076301046757e-23	c2	GIMAP1
2.6275903886257e-27	0.893829955704639	0.087	0.055	8.81241264537288e-23	c2	AUTS2
4.2033129177026e-27	0.432504473784069	0.334	0.289	1.4097070863391e-22	c2	LYSMD2
5.04453496273851e-27	0.410266459073967	0.421	0.385	1.69183613580324e-22	c2	GZMM
1.28525689740693e-26	2.00755840866292	0.017	0.005	4.31049458252337e-22	c2	PRSS23
1.42631742136795e-26	0.233734687503278	0.702	0.694	4.78358336778382e-22	c2	LIMD2
1.98843784499311e-26	1.74744260129316	0.02	0.007	6.6688228445379e-22	c2	MAPRE3
2.53485761394577e-26	0.423604697817506	0.41	0.376	8.50140546565132e-22	c2	CNN2
3.51692137099736e-26	1.60430403884802	0.025	0.01	1.17950508940509e-21	c2	CYB561
1.6271612101987e-25	0.218210264710377	0.692	0.692	5.45717326676441e-21	c2	GUK1
1.85124666609528e-25	2.52719060174805	0.009	0.002	6.20871106875034e-21	c2	PLAUR
3.26268970323311e-25	0.425187826553057	0.333	0.287	1.09424087267032e-20	c2	GIMAP4
4.5763249604981e-25	0.789192073535408	0.139	0.101	1.53480786525185e-20	c2	AQP3
4.69464036250401e-25	3.0232693992311	0.007	0.001	1.57448848477659e-20	c2	NT5E
5.72066986361326e-25	0.66724661050364	0.166	0.127	1.91859825885861e-20	c2	SAMHD1
2.47877192163978e-24	2.56959983423297	0.007	0.001	8.31330527079549e-20	c2	IFNGR2
4.12309092257669e-24	3.3823452667471	0.004	0	1.38280223361377e-19	c2	NOG
4.69222384596896e-24	0.62554374683752	0.28	0.239	1.57367803346107e-19	c2	AL133415.1
4.96165300440633e-24	0.360780362306329	0.342	0.299	1.6640391846178e-19	c2	CSRNP1
1.25723173889214e-23	2.68725775455431	0.007	0.001	4.21650380589645e-19	c2	PTGER2
1.40585860698946e-23	1.71497516006369	0.02	0.007	4.71496859612126e-19	c2	CCDC112
2.11474338844611e-23	1.25455291895627	0.037	0.018	7.09242637617056e-19	c2	EPHA1
3.00645932981207e-23	0.618927930196581	0.22	0.182	1.00830633003237e-18	c2	TPST2
6.93071456646786e-23	0.730033234769751	0.126	0.092	2.32442305130199e-18	c2	ZNF276
1.09061396966904e-22	0.263136660825674	0.582	0.569	3.65770113147602e-18	c2	GLUD1
1.14231553659873e-22	2.62325606127	0.008	0.002	3.83109784664482e-18	c2	CKAP4
1.24202737064849e-22	1.43115492631087	0.026	0.011	4.16551139568091e-18	c2	F11R
2.85243871586412e-22	1.12901454301929	0.049	0.028	9.56650896526508e-18	c2	ISYNA1
3.65081565673894e-22	1.33854427689473	0.021	0.009	1.22441055495711e-17	c2	RNF130
4.46723060324459e-22	0.917577855398556	0.086	0.058	1.49821979971617e-17	c2	ICAM2
5.3918667964004e-22	0.592794876062498	0.13	0.095	1.80832428617677e-17	c2	TNFSF14
8.08915984763317e-22	1.27733424615319	0.031	0.015	2.71294242969921e-17	c2	GNAO1
9.54427745867404e-22	0.271576431933716	0.546	0.532	3.2009597740901e-17	c2	CD53
1.14241996335873e-21	2.55820969920347	0.008	0.002	3.83144807311251e-17	c2	PLCB1
1.56225735238056e-21	1.61840273167585	0.022	0.009	5.23949870841392e-17	c2	FAM169A
2.51217772285164e-21	0.599177005388052	0.214	0.179	8.42534164689984e-17	c2	GPR132
2.9084017813766e-21	3.08216520157307	0.005	0.001	9.75419789438084e-17	c2	IFNG-AS1
3.60223740873373e-21	2.28923568493478	0.008	0.002	1.20811838214112e-16	c2	TRBV23-1
3.61645834532327e-21	0.38883094338949	0.411	0.381	1.21288779985452e-16	c2	PLEC
3.65325373634224e-21	2.0582363162666	0.013	0.004	1.22522823809446e-16	c2	TTYH2
4.12659225525919e-21	0.231850659960677	0.618	0.609	1.38397651056883e-16	c2	PPP2R5C
4.56146229549365e-21	0.780290431053012	0.108	0.077	1.52982322466266e-16	c2	SIPA1
4.93845595729122e-21	0.381854180505361	0.371	0.34	1.65625935895633e-16	c2	PRNP
4.94632200154579e-21	1.17176409926179	0.044	0.025	1.65889747287843e-16	c2	GSTM3
7.20306373137408e-21	1.30096466469114	0.033	0.017	2.41576351422824e-16	c2	TP53I11
8.55136332380601e-21	2.05379898816308	0.011	0.003	2.86795623153806e-16	c2	LOXL1-AS1
1.29888707907074e-20	2.72572233462	0.005	0.001	4.35620748578744e-16	c2	MS4A1
1.55526939130647e-20	0.20870500449525	0.393	0.342	5.21606248456366e-16	c2	ITM2C
1.69415100419805e-20	2.88954658326145	0.006	0.001	5.68184363787943e-16	c2	S100B
2.12532496189881e-20	0.235644389109924	0.575	0.557	7.12791485721622e-16	c2	CCSER2
2.40485795475093e-20	0.19805821645214	0.654	0.649	8.06541260864367e-16	c2	SERP1
2.51896587595993e-20	1.08298360203059	0.043	0.024	8.44810775479442e-16	c2	TNFRSF13C
3.36497392142393e-20	0.674617625769921	0.135	0.102	1.12854495376716e-15	c2	CD28
3.87209577986911e-20	1.5839994088995	0.018	0.007	1.2986234826525e-15	c2	CDH1
4.88279171910534e-20	0.477446239127124	0.228	0.191	1.63759068675355e-15	c2	CA5B
7.40815903503623e-20	0.497760482210531	0.273	0.239	2.48454837717045e-15	c2	SKIL
7.65826083913586e-20	0.113879934574133	0.946	0.938	2.56842752022939e-15	c2	YWHAZ
7.97032106261476e-20	0.250340081404378	0.583	0.569	2.67308627797974e-15	c2	CAST
8.64656146099504e-20	2.1019319671357	0.013	0.004	2.89988378278852e-15	c2	PLPP2
9.32547701579498e-20	0.104659525502822	0.953	0.944	3.12757848155732e-15	c2	ARHGDIB
1.53202460054108e-19	1.25947951521525	0.035	0.018	5.13810410529467e-15	c2	ZSCAN18
1.91071058393931e-19	0.150030207277124	0.757	0.746	6.40814115641565e-15	c2	SAT1
2.67232948470499e-19	0.346754823581698	0.525	0.516	8.96245862580361e-15	c2	AKNA
2.83020410424961e-19	0.341925155492303	0.39	0.357	9.49193852483234e-15	c2	ATP2B1
4.21725323471067e-19	0.108778518593175	0.89	0.896	1.41438238985726e-14	c2	TOMM7
4.40909191508737e-19	2.03889935210917	0.011	0.003	1.478721246482e-14	c2	FAM84B
4.92423607355061e-19	0.243834533633556	0.562	0.549	1.6514902943474e-14	c2	KTN1
8.33249292133302e-19	0.576278619787444	0.193	0.159	2.79455147595667e-14	c2	RNF125
8.52803592126719e-19	1.11166843177656	0.041	0.024	2.86013268727459e-14	c2	MPP6
1.1684103010949e-18	0.68759389176711	0.138	0.107	3.91861446781206e-14	c2	MLF1
1.30656498888929e-18	1.23031069857003	0.036	0.02	4.38195765973689e-14	c2	TCEAL4
1.52080383668463e-18	1.72083480909003	0.014	0.005	5.10047190747293e-14	c2	TCF7L2
1.75003295119006e-18	0.330033938665836	0.403	0.38	5.86926051170122e-14	c2	MANF
1.81614546053717e-18	0.123318207416431	0.903	0.894	6.09098864554957e-14	c2	CALM2
1.85958534007334e-18	0.890583375969315	0.076	0.052	6.23667731353796e-14	c2	LEF1
2.09850978840239e-18	1.13360667931644	0.036	0.02	7.03798212834392e-14	c2	PPP1R13B
2.39497260077506e-18	0.757932366424205	0.065	0.042	8.03225910847941e-14	c2	LINC00861
2.63973902975326e-18	1.41127431820255	0.023	0.011	8.85315675798647e-14	c2	TMEM63A
3.22105849483613e-18	1.11879026921955	0.029	0.015	1.08027859799814e-13	c2	ANK3
3.62490990579364e-18	2.91093961802087	0.004	0	1.21572228420507e-13	c2	XIST
3.79145935183129e-18	0.731984181101866	0.107	0.079	1.27157963741718e-13	c2	KDM7A
4.03707481665903e-18	0.364281359433605	0.408	0.386	1.35395415201111e-13	c2	IL27RA
5.08510010593955e-18	0.14626429197129	0.809	0.812	1.70544087353001e-13	c2	RPL36A
5.25768793952061e-18	1.36179108965179	0.026	0.013	1.76332338115642e-13	c2	TMOD2
5.27076985586522e-18	0.672292180951723	0.144	0.113	1.76771079426008e-13	c2	RIPOR2
5.28782196256995e-18	0.790831088881073	0.108	0.08	1.77342972980671e-13	c2	SH3BP5
5.92083585680734e-18	0.155611378523103	0.936	0.948	1.98572992965605e-13	c2	SH3BGRL3
7.12370344690233e-18	0.116412740426265	0.909	0.901	2.3891476620221e-13	c2	YBX1
7.27302152691422e-18	0.419390299988006	0.335	0.306	2.43922595969649e-13	c2	MAGED2
1.24892149947185e-17	0.115926767102087	0.906	0.899	4.18863292492868e-13	c2	ARPC2
1.67973725615819e-17	1.24674446644569	0.025	0.013	5.63350280970333e-13	c2	SH2B3
1.82111064725788e-17	0.155728873356815	0.766	0.761	6.10764088877347e-13	c2	CALR
1.94365753999806e-17	0.13172575199913	0.833	0.835	6.5186386576455e-13	c2	RPS20
1.99465229708187e-17	1.51455603211108	0.017	0.007	6.68966487395319e-13	c2	PPP1R3B
3.6618460632091e-17	0.762640609848263	0.09	0.064	1.22810993267907e-12	c2	BCL9L
3.79861345661827e-17	1.73449653913601	0.014	0.005	1.27397898108063e-12	c2	PRDM8
7.09333699447298e-17	0.196383173860636	0.622	0.618	2.37896336120635e-12	c2	SF1
8.14181569265484e-17	1.15183025329376	0.035	0.02	2.73060214700258e-12	c2	SSX2IP
9.71369244731566e-17	1.20766126708806	0.031	0.017	3.25777817298073e-12	c2	RIC3
1.16963394636665e-16	0.708382227634848	0.084	0.059	3.92271832932445e-12	c2	GIMAP5
1.73531779438978e-16	0.203044809249463	0.69	0.684	5.81990881882443e-12	c2	YPEL5
2.79723433856591e-16	0.925729944311876	0.052	0.033	9.38136452468236e-12	c2	NCF1
3.01717042179234e-16	1.28505793421808	0.031	0.017	1.01189861606071e-11	c2	PHLDB2
3.20331464078655e-16	0.20903092120816	0.639	0.632	1.07432766422699e-11	c2	MT-ND6
3.48365138539678e-16	2.27657769513506	0.008	0.002	1.16834700163437e-11	c2	DOCK7
6.43419188290542e-16	1.01258772138428	0.038	0.022	2.15789927368882e-11	c2	SHISAL2A
1.52926268111695e-15	0.306494194032339	0.444	0.431	5.12884117993003e-11	c2	CDC42SE1
1.7351710836379e-15	0.138589600534922	0.748	0.741	5.81941678030479e-11	c2	SRSF2
2.01916026214184e-15	3.2126181733645	0.003	0	6.77185968717131e-11	c2	TMEM171
2.07177653581633e-15	0.48228474182285	0.24	0.213	6.94832414582082e-11	c2	HDGF
2.11146437266039e-15	0.449975848341925	0.229	0.198	7.08142921302841e-11	c2	ARL4A
2.97810703932119e-15	0.300502540500707	0.407	0.389	9.98797538847541e-11	c2	ANXA7
3.43154018267256e-15	0.28968879153978	0.439	0.425	1.15086994646472e-10	c2	RELA
3.43289693346678e-15	2.57520114354896	0.005	0.001	1.15132497354609e-10	c2	LINC00402
3.55826205120593e-15	4.28578841390456	0.002	0	1.19336992673345e-10	c2	DMKN
3.70676058256844e-15	1.18677673317121	0.02	0.01	1.2431733641818e-10	c2	CD300A
4.08651012820067e-15	1.20819684966563	0.029	0.016	1.37053376679594e-10	c2	SMIM3
4.10492617427529e-15	1.99941611120303	0.007	0.002	1.37671014032845e-10	c2	LAIR1
4.12826535323109e-15	3.10297566113636	0.004	0.001	1.38453763416664e-10	c2	CRB3
4.27342307699062e-15	3.8134328427282	0.003	0	1.43322063156112e-10	c2	IL5RA
4.77026467350779e-15	0.37080829700418	0.328	0.306	1.59985136620104e-10	c2	RNF126
7.37079738575367e-15	1.01375336184499	0.045	0.028	2.47201802723407e-10	c2	PLA2G12A
7.87265370351842e-15	1.13813902653444	0.027	0.015	2.64033059908601e-10	c2	IL23A
9.23378456513431e-15	0.12889011334319	0.772	0.76	3.09682666745475e-10	c2	APOBEC3G
9.8111446142707e-15	1.9144538506647	0.011	0.004	3.29046168073411e-10	c2	SLC44A1
1.02320269376198e-14	0.9409329036822	0.034	0.02	3.43161719433894e-10	c2	GPR15
1.03488390037506e-14	1.67147925347812	0.011	0.004	3.47079362507788e-10	c2	SYNM
1.11628292476042e-14	1.67012931197043	0.011	0.004	3.74378967306149e-10	c2	LYPD3
1.1758248034162e-14	1.90015711051755	0.007	0.002	3.94348122569724e-10	c2	NUAK2
1.32927899593688e-14	0.611640894113361	0.162	0.135	4.4581358965731e-10	c2	ASMTL
1.37009419985731e-14	0.554594087670737	0.162	0.134	4.59502192748145e-10	c2	HIVEP2
1.37168812643799e-14	0.337295104881265	0.263	0.232	4.60036763844773e-10	c2	CRYBG1
1.55059430125096e-14	2.12903377874527	0.007	0.002	5.20038316753549e-10	c2	RAB11FIP5
1.58394397981871e-14	0.15666086019415	0.654	0.643	5.31223131951599e-10	c2	PBXIP1
1.88257646571251e-14	1.37546454241491	0.019	0.009	6.31378495070662e-10	c2	ADRB2
2.01369546784971e-14	0.322704952226471	0.382	0.363	6.75353186007436e-10	c2	FKBP2
2.04883161738374e-14	0.479844512067	0.222	0.194	6.87137147838157e-10	c2	PEA15
2.17615445146196e-14	0.249521530203073	0.458	0.445	7.29838679931312e-10	c2	KRT10
2.93389725175195e-14	5.34403300022348	0.001	0	9.83970460292568e-10	c2	TCEAL2
3.41347328663118e-14	1.67362084143629	0.011	0.004	1.14481067087036e-09	c2	RTL5
4.13950855747767e-14	1.1799430587557	0.029	0.016	1.38830838000686e-09	c2	GFPT2
5.0288477893117e-14	1.53669330258984	0.015	0.006	1.68657497157936e-09	c2	FXYD1
5.40212801010204e-14	0.171827776307396	0.7	0.703	1.81176569202802e-09	c2	POLR2L
5.73953293444384e-14	0.174268628760351	0.662	0.663	1.92492455555377e-09	c2	SEC62
5.75058787366276e-14	1.36154061045749	0.022	0.011	1.92863216106902e-09	c2	POMGNT2
6.52426741773959e-14	0.425740533597201	0.255	0.229	2.1881088065615e-09	c2	OGDH
6.7996527684503e-14	4.45147563338301	0.002	0	2.28046754548286e-09	c2	LAMA3
7.73216675490089e-14	0.739470884384347	0.07	0.049	2.59321408625866e-09	c2	KCTD6
7.77465029455399e-14	1.64840383313307	0.01	0.004	2.60746221578752e-09	c2	ANKEF1
9.38987822269573e-14	0.897720189485502	0.041	0.025	3.14917735832769e-09	c2	AL365361.1
1.1716249722433e-13	0.186369803980692	0.606	0.606	3.92939583190958e-09	c2	EIF5A
1.31271819858206e-13	0.503036721471359	0.187	0.159	4.4025942944045e-09	c2	SKI
1.34854209893305e-13	0.53391475149445	0.176	0.149	4.52274049140166e-09	c2	C16orf54
1.52436598617106e-13	4.40188264738613	0.002	0	5.11241864442049e-09	c2	PLEK2
1.66052207564077e-13	2.44866255808178	0.005	0.001	5.569058937284e-09	c2	TMCC3
1.87879911399134e-13	3.89127836993086	0.002	0	6.30111646850415e-09	c2	TBXA2R
1.94735667110359e-13	1.1036630964556	0.032	0.019	6.53104480354721e-09	c2	NETO2
2.44412305345364e-13	0.278408393935434	0.432	0.427	8.19709989667283e-09	c2	CLTB
2.63596832466287e-13	0.352566765068845	0.619	0.627	8.84051056725435e-09	c2	TUBA4A
2.74914661193026e-13	0.810868160125212	0.056	0.038	9.22008790709171e-09	c2	TCEAL3
3.20985667474251e-13	0.53418479328005	0.207	0.182	1.07652173157514e-08	c2	PPT1
3.37577611903965e-13	0.953452981100972	0.05	0.033	1.13216779480352e-08	c2	CUX1
4.42366048410147e-13	0.551772384442536	0.089	0.067	1.48360725315795e-08	c2	TGFBR3
5.94442758643132e-13	0.56643343135238	0.138	0.113	1.99364212393733e-08	c2	LINC00623
6.53934612905985e-13	0.392596755037765	0.222	0.193	2.19316590476409e-08	c2	EOMES
6.79857294704748e-13	0.120083653314908	0.788	0.795	2.28010539498078e-08	c2	UBL5
8.96041652305059e-13	2.17807980669725	0.006	0.002	3.00514449350071e-08	c2	DNAJC6
9.91307336150624e-13	0.578121374150766	0.176	0.152	3.32464654398196e-08	c2	GCLM
1.03193173197861e-12	1.00612778604651	0.03	0.017	3.46089264270987e-08	c2	SBK1
1.16359158209972e-12	0.750389143099613	0.101	0.079	3.90245344804605e-08	c2	BMI1
1.20086949881533e-12	1.32158354689052	0.02	0.01	4.02747612512684e-08	c2	NRIP3
1.21340033790199e-12	0.912380037460876	0.052	0.035	4.0695020532557e-08	c2	SMARCD3
1.5650354053492e-12	0.658315448779058	0.103	0.08	5.24881574246015e-08	c2	RAP2B
1.67876645837667e-12	1.94140229454303	0.011	0.004	5.63024694810367e-08	c2	SPINT1
1.70022144803484e-12	3.21781668200753	0.002	0	5.70220269241926e-08	c2	KDF1
2.31188581281218e-12	0.94057268259549	0.042	0.027	7.7536026390095e-08	c2	RERE
2.73525983566872e-12	1.98896677022258	0.006	0.002	9.17351443686577e-08	c2	GPR157
3.21085809418954e-12	2.37718609615145	0.005	0.001	1.07685758762929e-07	c2	PLCL1
3.83979498366787e-12	1.06969888713187	0.026	0.015	1.28779044162253e-07	c2	ADARB1
5.11127203023359e-12	1.11907170791666	0.026	0.015	1.71421841349974e-07	c2	GAS7
5.23816009809918e-12	0.74223943659958	0.066	0.047	1.7567741337005e-07	c2	FOXP4
6.06709779477753e-12	2.30666464165491	0.005	0.001	2.03478325841249e-07	c2	ZDHHC11B
6.49083593790424e-12	4.77761680808058	0.002	0	2.17689655685433e-07	c2	SPRED1
7.19267282678973e-12	0.416016671954623	0.25	0.226	2.41227861264874e-07	c2	PMEPA1
7.74649421856881e-12	0.582706184566833	0.059	0.041	2.59801923102361e-07	c2	MYC
8.26968514318342e-12	0.39441575118732	0.283	0.26	2.77348700332086e-07	c2	PDE4B
8.45933624631377e-12	3.13590572047703	0.002	0	2.83709219028871e-07	c2	CTAG2
9.71801764994701e-12	0.979359685865573	0.028	0.016	3.25922875943923e-07	c2	AC234582.1
1.2678966773839e-11	0.44031135356561	0.237	0.214	4.25227187661013e-07	c2	RAB29
1.26884673521687e-11	0.718531206761447	0.056	0.039	4.25545818057034e-07	c2	SH3YL1
1.27102031754008e-11	0.282249545131434	0.389	0.375	4.26274794096593e-07	c2	PHF1
1.51750494593334e-11	1.05506319445376	0.021	0.011	5.08940808767125e-07	c2	DLK2
1.69342653236995e-11	0.516278168834088	0.163	0.139	5.67941390426234e-07	c2	LIME1
1.92104213606729e-11	5.61810577835551	0.001	0	6.44279111594248e-07	c2	CFH
2.05993365782216e-11	0.673962282688791	0.08	0.06	6.90860550160398e-07	c2	NBEAL2
2.32790321984731e-11	0.207988244319551	0.485	0.478	7.8073218187239e-07	c2	TRAM1
2.4731108850646e-11	0.640075796514222	0.09	0.07	8.29431928632966e-07	c2	STARD10
2.81298823653447e-11	0.734381336837183	0.049	0.034	9.4341999476893e-07	c2	PLEK
2.82219082971228e-11	2.54777088263461	0.003	0.001	9.46506360468906e-07	c2	GPR160
2.92759644405431e-11	1.09074558766876	0.02	0.011	9.81857295406933e-07	c2	TSGA10
2.93938377282989e-11	0.720744415019735	0.081	0.061	9.85810529731687e-07	c2	PCSK1N
3.27120002048589e-11	0.494488596104093	0.152	0.128	1.09709506287056e-06	c2	DNAJC5
3.78757322226211e-11	1.16945515464176	0.025	0.015	1.27027630728227e-06	c2	PIAS2
3.92915563286133e-11	0.666829559221019	0.061	0.044	1.31776021614903e-06	c2	SGK3
4.14267094605209e-11	0.103847786550626	0.911	0.914	1.38936898188695e-06	c2	RPL4
4.2645006129516e-11	2.32060151267321	0.005	0.002	1.43022821557171e-06	c2	ANG
4.43357403362659e-11	0.697789749865044	0.064	0.046	1.48693205939769e-06	c2	PIK3CB
4.65126128127474e-11	3.69718310047663	0.002	0	1.55994000851392e-06	c2	TGFA
4.72316872430556e-11	0.391598644440727	0.283	0.264	1.5840563267576e-06	c2	SETD2
4.98367519955418e-11	0.97337426947126	0.038	0.025	1.67142498842648e-06	c2	ERC1
6.13621731458976e-11	2.88367090731554	0.003	0	2.05796456296711e-06	c2	NR3C2
6.37778108047034e-11	1.16135610461131	0.025	0.015	2.13898021876814e-06	c2	FADS3
7.68805807313652e-11	1.71475196893476	0.008	0.003	2.57842091656853e-06	c2	LGR6
8.62567919253514e-11	2.16295332999472	0.005	0.001	2.89288028759244e-06	c2	AC099489.1
8.80498115558992e-11	1.8770894838273	0.007	0.003	2.95301457996175e-06	c2	C17orf51
8.96721969311531e-11	1.25899703319807	0.018	0.01	3.00742614067701e-06	c2	PLEKHA5
9.24843975972597e-11	1.75500500253276	0.008	0.003	3.1017417266169e-06	c2	ZCCHC14
9.47456629032788e-11	0.174505958876035	0.633	0.639	3.17758004245016e-06	c2	CD6
1.25785997588451e-10	0.682501854711977	0.076	0.057	4.21861078712147e-06	c2	RASSF3
1.38627161402011e-10	0.743701325523857	0.055	0.039	4.64927773910066e-06	c2	BCR
1.40483261640191e-10	0.510362656485018	0.155	0.131	4.71152762888874e-06	c2	MIAT
1.45807651207231e-10	0.274138920517426	0.439	0.438	4.89009700618812e-06	c2	SCAF11
1.50353652805547e-10	0.94899430717877	0.023	0.013	5.04256080779242e-06	c2	PLXDC1
1.88068733974556e-10	0.475815810404717	0.205	0.185	6.30744920003866e-06	c2	NANS
1.9772238014217e-10	0.261872712027039	0.391	0.378	6.63121318520809e-06	c2	AAED1
2.2171863582268e-10	0.589983258244778	0.119	0.098	7.43599960822105e-06	c2	ADD3
2.24732436128602e-10	1.811220203185	0.008	0.003	7.53707644288106e-06	c2	SEMA4C
2.51895405029245e-10	2.41422743862474	0.005	0.002	8.4480680938708e-06	c2	MID2
2.96197307298075e-10	0.460205223312774	0.168	0.145	9.93386529216285e-06	c2	CTDSP2
3.30174825685123e-10	0.845337491736843	0.041	0.028	1.10734033038277e-05	c2	BBS2
3.69582675934746e-10	0.776960320439945	0.048	0.033	1.23950637854995e-05	c2	NBPF1
3.78883749868476e-10	3.85233252806822	0.002	0	1.27070032030889e-05	c2	EDA
4.08072492032827e-10	1.13155270245045	0.017	0.009	1.3685935237797e-05	c2	KIFC3
4.32592703927328e-10	2.71673189151287	0.003	0.001	1.45082941043147e-05	c2	EML1
4.60846969380996e-10	0.600497221588831	0.106	0.086	1.54558856590998e-05	c2	GRK6
4.90181683689836e-10	1.81471210109727	0.007	0.002	1.64397133075897e-05	c2	ZDHHC23
5.03183007977602e-10	0.131446094195527	0.657	0.662	1.68757517215528e-05	c2	PDIA3
5.26032255127946e-10	1.73740063942669	0.005	0.002	1.7642069772481e-05	c2	NDRG2
5.64061557620848e-10	0.178039002363602	0.601	0.598	1.8917496519488e-05	c2	FAM107B
6.48820056434062e-10	0.764453574265162	0.059	0.043	2.17601270526856e-05	c2	SMPD2
8.6539838624968e-10	1.50578556052174	0.007	0.002	2.90237310780418e-05	c2	KLHDC8B
9.8653875080155e-10	0.358947555371306	0.264	0.247	3.30865366243824e-05	c2	HAX1
1.01942224808521e-09	4.06839899930733	0.001	0	3.41893833562817e-05	c2	FMN1
1.17148663203605e-09	1.6830515558529	0.007	0.003	3.92893186652249e-05	c2	GNAZ
1.42650655302203e-09	0.538800154385943	0.155	0.135	4.7842176775253e-05	c2	WDR18
1.70533640276304e-09	1.21984771954628	0.023	0.014	5.71935722758668e-05	c2	FEZ1
1.73402444978982e-09	0.176709635519431	0.521	0.524	5.8155711997051e-05	c2	CDC42SE2
1.77811826382941e-09	1.88847199750588	0.005	0.002	5.96345303323109e-05	c2	CFD
1.95556228250715e-09	0.374179537518478	0.245	0.223	6.55856478307249e-05	c2	TUBB2A
2.13326651262401e-09	0.219854896209043	0.497	0.494	7.1545492300384e-05	c2	OASL
2.26085049155581e-09	0.918638333816384	0.022	0.013	7.58244037857989e-05	c2	NCKAP5L
2.61701644719538e-09	1.44215297247649	0.013	0.007	8.77694976060387e-05	c2	PTPRM
2.65832490064549e-09	1.72936736684979	0.007	0.003	8.91549005178484e-05	c2	PHLDB1
2.6860376995118e-09	0.507078335258566	0.135	0.115	9.00843323662268e-05	c2	FBXO34
2.7919579404052e-09	1.99445933637851	0.004	0.001	9.36366854053095e-05	c2	RAB20
2.79370397472325e-09	2.939794326469	0.002	0	9.36952439042684e-05	c2	SPON1
3.01198685720566e-09	1.0623030722824	0.021	0.012	0.000101016015216963	c2	ABL2
3.05814668974646e-09	0.138480594981941	0.667	0.677	0.000102564123680717	c2	SELENOK
4.1251451161685e-09	1.88216147572703	0.006	0.002	0.000138349116906059	c2	PHETA1
4.30286100467052e-09	0.725505583463409	0.055	0.041	0.00014430935237464	c2	RAPGEF2
4.343034490677e-09	0.578889353940712	0.11	0.091	0.000145656690748325	c2	FLOT1
4.52365044816238e-09	2.54825146341599	0.003	0.001	0.00015171418873047	c2	MARVELD2
4.63615524122284e-09	0.552044666628379	0.127	0.107	0.000155487374480132	c2	TSPAN3
4.76236613350014e-09	1.62706667731665	0.009	0.004	0.000159720235385328	c2	ZNF165
5.00175589030821e-09	0.211210808471144	0.572	0.58	0.000167748889049157	c2	TRAT1
5.91895702584053e-09	0.154983099398087	0.592	0.599	0.00019850998073264	c2	CSTB
6.04262401655931e-09	2.53309521485568	0.003	0.001	0.000202657524267366	c2	ESM1
6.07094847517323e-09	3.62041789076068	0.001	0	0.00020360746996036	c2	TMEM220
6.08724533372475e-09	0.42594058185338	0.211	0.192	0.000204154034002461	c2	DYNLT3
6.88054626413238e-09	0.35303912098745	0.28	0.265	0.000230759760606472	c2	CDK17
7.44488881628454e-09	2.6458112670726	0.003	0.001	0.000249686681120551	c2	ACVR1C
7.87317926332368e-09	0.479816926933642	0.168	0.149	0.00026405068613335	c2	MYD88
8.39018908958212e-09	0.152205612419847	0.601	0.598	0.000281390161686405	c2	TUBB4B
9.482370091749e-09	2.21385262953118	0.004	0.001	0.000318019728137078	c2	AC008440.3
9.62566839443199e-09	1.2556707360627	0.009	0.004	0.00032282566661246	c2	C1orf61
9.74015729032889e-09	0.199632514536356	0.534	0.541	0.00032666539520305	c2	NDFIP1
9.78162636847458e-09	0.241088387184479	0.378	0.364	0.0003280561851459	c2	GGA2
1.00367538897567e-08	1.87394560079792	0.005	0.002	0.00033661265195466	c2	PELI2
1.03861547549918e-08	6.20882953412569	0.001	0	0.000348330858172915	c2	LINC01259
1.11729019272698e-08	0.526278342826839	0.121	0.102	0.000374716784836776	c2	RNF168
1.13909095708975e-08	1.10165818923196	0.023	0.014	0.000382028325188761	c2	USP46
1.25612191024695e-08	0.145749698541891	0.028	0.018	0.000421278166258622	c2	TRBV7-6
1.44521229606379e-08	3.16034500742589	0.003	0.001	0.000484695299853874	c2	UNC13B
1.45965985482279e-08	1.26907996536801	0.01	0.004	0.000489540722110467	c2	TRBV11-3
1.46405029513155e-08	0.626288199422652	0.018	0.011	0.000491013187981218	c2	TRBV7-4
1.48018959762339e-08	1.3189029508689	0.011	0.006	0.000496425987250933	c2	GALNT3
1.53110896760984e-08	5.0945228541755	0.001	0	0.000513503325556988	c2	KRT73
1.53148485165223e-08	5.1396102739284	0.001	0	0.000513629389547125	c2	WWC2
1.6029234649013e-08	0.519204104776206	0.096	0.078	0.000537588471658599	c2	TLE4
1.64336305786698e-08	1.16785592025411	0.013	0.007	0.000551151102347428	c2	MYBL1
1.74319414224724e-08	0.658752507630551	0.05	0.037	0.000584632451426878	c2	PLCD1
1.90977132008301e-08	1.17835938381226	0.012	0.006	0.00064049910532944	c2	ZNF483
2.01003796701678e-08	1.99168913628736	0.004	0.001	0.000674126533378087	c2	DNAH6
2.0728777696634e-08	0.247338081246369	0.368	0.358	0.00069520174638971	c2	RPS10
2.13441321764131e-08	1.70706918772069	0.011	0.005	0.000715839504932541	c2	SWAP70
2.57525303531757e-08	0.308760463508939	0.307	0.291	0.000863688362984808	c2	PIK3R1
2.62459780795976e-08	2.22002671857467	0.004	0.001	0.000880237612833546	c2	BEND5
2.64403591620208e-08	1.44494840416048	0.009	0.004	0.000886756765575853	c2	CACNB3
2.66231531545181e-08	1.13910748490423	0.019	0.011	0.000892887310496228	c2	MYO1D
2.69712839973748e-08	0.476754314978036	0.167	0.148	0.000904562922703956	c2	BIN2
2.84845152543338e-08	0.43507625618404	0.143	0.123	0.000955313672599848	c2	ZHX2
2.96631135019701e-08	0.150246997579921	0.651	0.666	0.000994841500629072	c2	GNB2
3.06395058287761e-08	0.985111805035783	0.019	0.011	0.00102758774648549	c2	JAM3
3.24909097595455e-08	2.75521875859872	0.002	0	0.00108968013151564	c2	LINC01336
3.55821280997402e-08	2.99713494575713	0.002	0	0.00119335341220909	c2	TSPAN15
3.57733558465825e-08	2.97376818672744	0.002	0	0.00119976680838268	c2	RGMB
3.63783676595126e-08	1.55093149858369	0.007	0.003	0.00122005769456473	c2	RRAGD
3.79816614613364e-08	2.23494858760237	0.004	0.001	0.0012738289620903	c2	LOXL1
4.17847138336033e-08	1.48085171648119	0.009	0.004	0.00140137573255139	c2	TTC9
4.59602974812872e-08	0.223575804489599	0.391	0.383	0.00154141645692741	c2	PRMT1
4.66480068387973e-08	1.02819392606945	0.012	0.006	0.00156448085335958	c2	LINC02256
5.17810650372036e-08	0.482992964946427	0.172	0.155	0.00173663335921773	c2	UBE2Q2
5.25988230365561e-08	0.338935408177022	0.252	0.235	0.00176405932700002	c2	TMEM50B
5.64317260684898e-08	0.674693076851981	0.072	0.057	0.00189260722888501	c2	NQO2
6.98552473661735e-08	1.85191367559693	0.004	0.001	0.00234280528616673	c2	AP002884.1
7.29609751880447e-08	0.173899056065675	0.439	0.432	0.00244696518585664	c2	IER2
8.89406422184826e-08	0.616453966297624	0.066	0.052	0.00298289125872347	c2	SH2D3A
8.91498782099546e-08	1.19155123144099	0.008	0.003	0.00298990861540546	c2	ZNF667-AS1
9.48318877294836e-08	2.78477945905695	0.002	0.001	0.00318047185067142	c2	UNC5B-AS1
1.06388422437056e-07	0.698022687230387	0.053	0.04	0.003568054911694	c2	AC006369.1
1.17399842222382e-07	1.45034848042774	0.004	0.001	0.00393735590845426	c2	FCER1G
1.17972157023318e-07	4.30873276232211	0.001	0	0.00395655020224805	c2	AC005064.1
1.24392681686894e-07	0.259661040792099	0.366	0.358	0.00417188175841504	c2	HMGA1
1.28906213068053e-07	0.454292133254231	0.145	0.127	0.00432325657387636	c2	STAT6
1.29770531962408e-07	0.182490431039795	0.509	0.513	0.00435224410095525	c2	KRAS
1.34047987259991e-07	0.917447024087148	0.024	0.015	0.00449570139672556	c2	PRKCE
1.45999959267451e-07	0.183058629486532	0.461	0.458	0.00489654663391178	c2	APMAP
1.59009967285997e-07	1.91491212515164	0.004	0.001	0.00533287628283775	c2	CFAP126
1.6026124559138e-07	0.28559392170575	0.038	0.027	0.0053748416546437	c2	TRBV9
1.78673893294544e-07	1.18210272035699	0.011	0.006	0.0059923650333124	c2	SMIM14
1.84635186450024e-07	0.507714234054768	0.1	0.084	0.00619229488316091	c2	CORO7
1.93560031334102e-07	1.57545584851477	0.007	0.003	0.0064916163308831	c2	SAMD4A
1.94959050706461e-07	0.814946496527849	0.03	0.02	0.00653853664259328	c2	CPQ
2.07670518954849e-07	0.815376950835798	0.029	0.02	0.00696485386470771	c2	TIMP1
2.23114794916614e-07	0.374972208893781	0.195	0.177	0.00748282399191339	c2	MIDN
2.23559221180738e-07	0.637402889698974	0.016	0.01	0.00749772915995959	c2	TRBV10-3
2.37556354576174e-07	0.617592960044169	0.082	0.067	0.00796716501977572	c2	EIF5A2
2.39718690578554e-07	2.30515904677088	0.003	0.001	0.00803968544462354	c2	FHL1
2.42612677913785e-07	0.416411125117248	0.15	0.132	0.00813674399187253	c2	NDUFAF4
2.54359922392933e-07	3.43150426473557	0.001	0	0.00853072307721418	c2	CELA1
2.65785066165912e-07	0.507288438424323	0.099	0.083	0.00891389954907235	c2	C21orf2
2.70050362291575e-07	0.814794534625547	0.026	0.017	0.00905694905053485	c2	LIPT1
2.89945045466425e-07	2.88046127372505	0.002	0	0.00972417693485296	c2	LARGE2
2.90563991338555e-07	2.80033225222483	0.002	0	0.00974493514151245	c2	TCEA3
3.03270395659801e-07	1.46439175673567	0.007	0.003	0.0101710825296384	c2	SBF2
3.1470388311769e-07	0.272004480243204	0.328	0.318	0.0105545388320011	c2	STAT4
3.28624551081862e-07	0.191670081981144	0.47	0.465	0.0110214101941835	c2	SRRT
3.44903840373477e-07	1.55813483174238	0.008	0.004	0.0115673849984457	c2	FAM27C
3.75469832304716e-07	0.265722947429834	0.327	0.316	0.0125925072358356	c2	MAT2A
4.43341057274703e-07	0.184359161201852	0.521	0.526	0.014868772378879	c2	JUND
5.30327842301755e-07	1.84764413520082	0.006	0.003	0.0177861351751163	c2	RAPH1
5.43309786259969e-07	1.59710738929306	0.006	0.003	0.0182215236115868	c2	NRG2
5.52622494808168e-07	0.25344085004925	0.318	0.306	0.0185338532308763	c2	IMPDH2
5.81788931779397e-07	2.60304933226039	0.002	0.001	0.0195120371940174	c2	SPATA6
6.12447813150149e-07	0.420460108786551	0.133	0.116	0.0205402747574297	c2	BID
6.12645467816892e-07	1.13797875571766	0.013	0.007	0.0205469036996429	c2	CMTM8
6.32650949767349e-07	0.900340568138273	0.023	0.015	0.0212178475532974	c2	GIMAP8
6.56152592908203e-07	2.31427277228405	0.002	0.001	0.0220060456609553	c2	TJP3
7.00891736517575e-07	1.33026806592292	0.008	0.004	0.0235065070593264	c2	EXD2
8.12293017464549e-07	4.17801857678143	0.001	0	0.0272426832197261	c2	IQCA1
8.12648075921895e-07	0.428654102451336	0.149	0.133	0.0272545911702685	c2	CFAP36
8.81953065541239e-07	1.1207659373939	0.015	0.009	0.0295789419121221	c2	CDK20
9.01598922218456e-07	1.66709267926718	0.004	0.001	0.0302378246533626	c2	PPFIBP2
9.04492503577804e-07	2.21018478998568	0.004	0.001	0.0303348695849924	c2	IGSF9B
9.13681535432083e-07	0.675853739710913	0.078	0.064	0.0306430513353212	c2	SLC35E4
9.18998687090436e-07	1.95412284664124	0.004	0.001	0.030821377967639	c2	ICOSLG
1.0292060658396e-06	0.376096656231953	0.196	0.18	0.0345175130361283	c2	KDSR
1.04989714381504e-06	0.82733958475522	0.025	0.017	0.0352114504092687	c2	FCRL3
1.09409668684026e-06	0.526382492374772	0.104	0.089	0.0366938146832488	c2	LPCAT1
1.10401036013243e-06	1.05390689347946	0.017	0.01	0.0370262994581213	c2	SMKR1
1.12030756409867e-06	0.735479092287278	0.019	0.012	0.0375728750847413	c2	TRAV26-1
1.12041202111911e-06	0.424919709988691	0.17	0.154	0.0375763783642927	c2	CMTM7
1.17745740724199e-06	0.503044404742177	0.087	0.072	0.0394895665240818	c2	MPP7
1.24773345313052e-06	3.86204596705163	0.001	0	0.0418464845510914	c2	FAM110C
1.30023610266838e-06	0.224907878462472	0.407	0.409	0.0436073184112921	c2	NDUFA12
1.33273511194598e-06	1.01173591208871	0.017	0.01	0.0446972701844442	c2	LRFN3
1.4217149591731e-06	0.639387520544565	0.06	0.048	0.0476814763007476	c2	AC010616.1
