p_val	avg_log2FC	pct.1	pct.2	p_val_adj	cluster	gene
0	1.73682097237674	0.626	0.236	0	c4	CCR7
0	1.30735025771384	0.775	0.448	0	c4	IL7R
0	2.14339164161076	0.469	0.142	0	c4	GPR183
0	1.50193476851539	0.532	0.254	0	c4	MCUB
0	1.8317634607729	0.385	0.126	0	c4	TCF7
0	2.09013150290781	0.347	0.091	0	c4	KLF2
0	1.32876483451513	0.788	0.567	0	c4	ANXA1
0	3.5720622086103	0.249	0.029	0	c4	S1PR1
0	0.878550097028338	0.935	0.753	0	c4	LMNA
0	0.799751550306524	0.848	0.68	0	c4	ANXA2
0	0.923920829361516	0.919	0.756	0	c4	EMP3
0	3.11224142414483	0.165	0.022	0	c4	KLF3
0	1.39320484839587	0.955	0.814	0	c4	S100A10
0	0.767240241017234	0.913	0.791	0	c4	LRRFIP1
0	0.625639922487216	0.973	0.926	0	c4	EZR
0	0.649407931897387	0.995	0.949	0	c4	TAGLN2
0	0.818613700751752	0.997	0.975	0	c4	VIM
0	0.448045100856555	0.997	0.984	0	c4	RPL3
0	0.795161594033021	0.997	0.993	0	c4	FTH1
0	0.350075678239816	1	0.999	0	c4	RPS12
0	0.289034174328537	1	0.999	0	c4	RPS3
0	0.354637103164854	1	0.999	0	c4	RPL13
0	0.324850362118024	0.999	0.999	0	c4	RPS14
0	0.353249469205229	1	1	0	c4	EEF1A1
0	0.258830085463076	1	1	0	c4	RPL10
3.37951757456911e-303	0.669937868704959	0.903	0.771	1.13342260415899e-298	c4	TGFB1
5.79010855699486e-302	2.20416923197511	0.163	0.041	1.94188660784494e-297	c4	ITGA5
5.93855563665195e-296	0.268226854298463	1	0.999	1.99167278942033e-291	c4	RPL39
1.50405065827683e-294	1.45099475178278	0.395	0.192	5.04428509772885e-290	c4	TES
1.95588177517315e-293	1.4300326496949	0.41	0.205	6.55963629757572e-289	c4	CD55
7.63750841002752e-274	0.228612359600709	1	0.999	2.56146757055503e-269	c4	RPL30
3.01202476501363e-260	0.323665030448087	1	0.998	1.01017286569027e-255	c4	RPS8
1.32959172156197e-259	0.268626600418277	0.999	0.999	4.45918471577453e-255	c4	RPL34
8.99308504542102e-254	0.291436103563957	0.999	0.997	3.0161008625333e-249	c4	RPLP2
3.04194799619518e-252	0.798205324540652	0.851	0.758	1.02020851896394e-247	c4	S100A11
1.99519161512118e-249	0.798069550616978	0.818	0.672	6.69147363879342e-245	c4	AHNAK
2.16002648258815e-247	0.315696856161494	0.999	0.993	7.24429681730413e-243	c4	RPS18
9.23287604346883e-242	0.994406869224965	0.594	0.397	3.09652196745858e-237	c4	CXCR3
5.23423301057826e-241	1.21841022680627	0.458	0.268	1.75545706708774e-236	c4	S1PR4
7.85156983306362e-221	0.255786709444418	1	0.997	2.63325949061288e-216	c4	RPS21
2.27821078091407e-216	0.173127458475812	1	1	7.6406633170296e-212	c4	RPL41
2.79681319408152e-216	0.255408610121379	1	0.997	9.37995209031059e-212	c4	RPS23
4.73829409098068e-216	0.387061596551308	0.997	0.988	1.5891290722331e-211	c4	MT-CO3
7.0732611421571e-215	1.36839812388158	0.326	0.159	2.37223032185665e-210	c4	LTB
5.40842065672991e-210	0.429529938068506	0.971	0.924	1.81387611985408e-205	c4	CD44
4.01276929179908e-209	1.44019640049511	0.286	0.132	1.34580256508358e-204	c4	P2RY8
1.87138072709553e-208	0.242495561895232	1	0.999	6.27623668253297e-204	c4	RPL32
1.94292856056199e-208	2.54800775868223	0.095	0.021	6.51619380641281e-204	c4	PXN
1.84733573907597e-198	0.208819129301625	0.999	0.999	6.19559460171299e-194	c4	RPS27
1.12284843165814e-192	2.06434239239367	0.126	0.036	3.76580907009508e-188	c4	RASGRP2
4.7579043089467e-192	0.221526700491699	1	0.998	1.59570594713455e-187	c4	RPS28
3.58531284399712e-190	1.92660924102909	0.144	0.046	1.20244222161975e-185	c4	SAMD3
3.72280025968016e-187	1.58369319443048	0.199	0.078	1.24855275109153e-182	c4	RASA3
4.04795869692001e-185	0.213851833971732	1	0.999	1.35760438777303e-180	c4	RPL19
8.03064077112477e-182	2.06158049739012	0.154	0.053	2.69331630181983e-177	c4	CRIP2
1.89415422653665e-180	0.235755525151356	0.999	0.995	6.35261444495861e-176	c4	RPL14
4.0424900689142e-180	0.53570552952763	0.885	0.805	1.35577031931245e-175	c4	CRIP1
4.34228644726321e-171	1.17510826403904	0.356	0.202	1.45631602868313e-166	c4	LYAR
2.14104117773633e-166	0.514345663157032	0.855	0.742	7.18062390189209e-162	c4	PLP2
6.88933500782621e-163	0.37381024408418	0.995	0.986	2.31054517492475e-158	c4	MT-ND3
5.89851932528256e-162	0.56903809991797	0.55	0.354	1.97824541131327e-157	c4	GZMK
9.96216887636336e-156	0.191177827150876	1	0.999	3.34111219775475e-151	c4	RPS27A
6.23713005516069e-155	0.33315468530648	0.995	0.987	2.09180867789979e-150	c4	MT-CYB
4.26032515116751e-152	0.789890478192849	0.538	0.379	1.42882784919856e-147	c4	GIMAP7
1.98593835865258e-150	0.999316535331294	0.371	0.221	6.66044006724901e-146	c4	YBX3
4.53570924236511e-150	0.266662993221258	0.999	0.997	1.52118616570441e-145	c4	RPS3A
5.9741897724607e-149	1.65748470039097	0.146	0.054	2.00362376588787e-144	c4	TC2N
4.57111566496877e-148	0.361445595965026	0.971	0.946	1.53306077171723e-143	c4	MT-ND1
4.73147228680241e-148	0.225757066088002	0.998	0.993	1.58684117554779e-143	c4	RPL36
4.88887446104045e-143	0.237582572974744	0.995	0.985	1.63963071674375e-138	c4	RPL9
6.18191513832059e-143	0.246033639733205	0.998	0.99	2.07329069908996e-138	c4	RPS6
1.03942802182613e-142	0.176823034982291	1	1	3.48603369960046e-138	c4	RPL28
6.06431847877598e-142	0.619153645345474	0.627	0.466	2.03385113141189e-137	c4	MBP
9.62681826090986e-142	0.219699365905106	0.997	0.99	3.22864230834395e-137	c4	RPL23A
6.03458340729544e-141	0.227309916001956	0.999	0.997	2.02387858313874e-136	c4	RPS13
2.10860956668662e-138	0.182216688502594	1	0.999	7.07185476475358e-134	c4	RPL11
3.69560448763627e-135	0.226328905030489	0.997	0.99	1.23943183306345e-130	c4	RPS29
4.13805629479039e-133	0.501591927535272	0.817	0.718	1.3878213201468e-128	c4	FXYD5
1.30391851870411e-132	1.5190912206911	0.143	0.055	4.37308192802983e-128	c4	EPHA4
9.0895067298926e-131	2.32104956708135	0.082	0.023	3.04843876707138e-126	c4	ANTXR2
3.7700906981026e-128	1.98781326135255	0.092	0.028	1.26441301832965e-123	c4	N4BP3
7.68840920680627e-128	0.192322192690901	0.999	0.995	2.57853867977869e-123	c4	RPS2
2.54822624795929e-125	0.280310646098033	0.973	0.951	8.54624119040588e-121	c4	RPL38
4.19655606175567e-124	0.393382299810102	0.899	0.823	1.40744097199162e-119	c4	CD99
2.3146912174891e-119	1.30153685426978	0.233	0.124	7.76301140521494e-115	c4	CDC25B
2.66923011081584e-119	0.358509818675026	0.941	0.892	8.95206394565416e-115	c4	EEF1B2
4.80968612406569e-119	0.233996453725609	0.995	0.986	1.61307253228915e-114	c4	RPS16
5.18216917999918e-119	1.47887396987825	0.168	0.075	1.73799589958812e-114	c4	SELL
1.10307412376363e-118	1.58623061914505	0.12	0.044	3.69948999627847e-114	c4	LSR
9.73522327957527e-117	1.11524409890279	0.281	0.163	3.26499918350395e-112	c4	FLT3LG
9.38312092402418e-115	0.916360866323158	0.324	0.197	3.14691109549923e-110	c4	SYPL1
1.86918909852858e-114	0.231579157246741	0.999	0.995	6.26888639864515e-110	c4	RPS4X
3.4766411037053e-114	0.331485694935752	0.979	0.943	1.16599589336068e-109	c4	SH3BGRL3
7.63115248911882e-112	0.238577113817976	0.995	0.985	2.55933592180067e-107	c4	RPL5
1.25190346582489e-108	0.195735173717284	0.999	0.997	4.19863384368353e-104	c4	RPL8
4.10004966267246e-106	0.232880863462492	0.996	0.989	1.37507465586709e-101	c4	RPS25
9.36686227953294e-103	0.171360574321657	1	0.999	3.14145827130976e-98	c4	RPL18A
1.06467128352294e-101	3.03179319616045	0.035	0.006	3.57069455067925e-97	c4	SLCO3A1
3.28330054559984e-100	1.36748501747802	0.148	0.067	1.10115333698327e-95	c4	CAMK1D
3.96361968097749e-100	1.30832738250521	0.166	0.079	1.32931876860623e-95	c4	TSPAN2
2.36768527172191e-99	2.58023137987632	0.044	0.009	7.94074286430095e-95	c4	NSG1
4.01177305391189e-98	0.334367401605964	0.935	0.893	1.34546844682097e-93	c4	LDHA
1.708518799352e-96	0.877046691958612	0.288	0.175	5.73003034926674e-92	c4	PLK3
5.65256573006009e-96	0.214433033218493	0.994	0.985	1.89575749454755e-91	c4	RPS5
1.22520636434956e-95	0.145208326893766	1	0.999	4.10909710475554e-91	c4	RPS15A
6.25213966279698e-95	2.96586651008069	0.029	0.004	2.09684260010885e-90	c4	HPCAL4
6.75857157482541e-94	0.968919616883131	0.279	0.171	2.26668973476495e-89	c4	STK38
1.04928181111573e-93	0.976275073311694	0.311	0.2	3.51908133811993e-89	c4	PPP1R14B
1.27054844534908e-92	0.343393474875682	0.861	0.797	4.26116537601173e-88	c4	IDS
2.54498566531409e-92	0.210591832123277	0.995	0.991	8.53537292433039e-88	c4	RPLP0
4.14896998919632e-92	0.201762972215491	0.999	0.994	1.39148155497666e-87	c4	TPT1
3.12522313851159e-91	3.32396121646695	0.024	0.003	1.04813733619402e-86	c4	SVIL
1.16209310285765e-82	0.457857805276881	0.741	0.652	3.897427848364e-78	c4	YWHAQ
4.10377850873566e-82	0.19939940595856	0.988	0.973	1.37632523625977e-77	c4	RPL13A
5.80915560899704e-82	0.132107978889381	1	0.999	1.94827460814543e-77	c4	RPL35A
8.27419399307917e-82	2.13162111603661	0.049	0.013	2.77499918139889e-77	c4	SORL1
8.37398286769531e-81	0.487305823871232	0.485	0.358	2.80846637416765e-76	c4	TAGAP
2.49163142360929e-79	1.72827790415473	0.069	0.023	8.35643346850083e-75	c4	LDLRAP1
1.05206757885318e-78	0.561307230258013	0.549	0.443	3.52842424595778e-74	c4	FLNA
1.4635463915603e-78	0.379188040062256	0.842	0.778	4.90844188801492e-74	c4	MYADM
1.58590445079158e-78	0.722524865963416	0.335	0.227	5.31880634706479e-74	c4	RARA
1.64987270700282e-76	2.40992460173649	0.037	0.008	5.53334308474605e-72	c4	FXYD7
2.5010524653293e-74	0.249497996126803	0.851	0.739	8.3880297582214e-70	c4	RGCC
1.55028881145075e-73	0.697062912145225	0.296	0.195	5.19935861584352e-69	c4	TNFAIP8
2.94333233836519e-73	0.9161694948249	0.254	0.16	9.87134799640917e-69	c4	CMSS1
9.07913767366868e-73	0.206045459750764	0.995	0.989	3.044961192995e-68	c4	MT-ND4L
3.69449695996835e-72	0.51670003875429	0.512	0.399	1.23906039043418e-67	c4	FAM102A
4.37588795284283e-72	0.900893148817532	0.249	0.157	1.46758530162443e-67	c4	UPP1
4.19361061952982e-71	1.13345506457081	0.147	0.076	1.40645312957791e-66	c4	CDKN2D
4.60850382241687e-70	0.200773578821267	0.983	0.96	1.54560001196217e-65	c4	RPL10A
6.72868917258554e-70	0.171083771636736	0.886	0.83	2.25666777470174e-65	c4	KLF6
2.89869903423168e-69	0.597164394110881	0.478	0.375	9.72165682100621e-65	c4	PLEC
1.74571621162449e-68	2.62630733937062	0.025	0.004	5.85478303054623e-64	c4	SORBS3
3.08838751530401e-68	0.928051467210811	0.241	0.153	1.03578340488266e-63	c4	PERP
5.89834368341453e-68	0.493952697325697	0.555	0.458	1.97818650454357e-63	c4	TMEM43
7.63662134054017e-68	1.92467121130617	0.057	0.019	2.56117006519036e-63	c4	NXPH4
1.03297383089069e-67	2.32001698119552	0.03	0.006	3.4643876340412e-63	c4	DHRS3
1.81968232697845e-66	0.259523627327796	0.898	0.862	6.10285058822031e-62	c4	MT-ND2
3.6689402502609e-66	1.27702950936683	0.111	0.052	1.2304891811325e-61	c4	GRAMD1C
1.45311448586853e-65	0.613263891032898	0.387	0.284	4.87345536270587e-61	c4	GIMAP4
3.44867374442463e-65	0.157262492535086	1	0.998	1.15661620040513e-60	c4	MT-CO2
1.32032464351331e-64	0.426750263575709	0.638	0.539	4.42810478941493e-60	c4	SELPLG
1.56680821253293e-64	1.6351880202569	0.071	0.027	5.25476138319293e-60	c4	C1orf21
3.43382264133109e-64	2.95202644657116	0.02	0.003	1.15163543744962e-59	c4	EMP1
4.13929606136612e-64	1.95634350239585	0.043	0.012	1.38823711306097e-59	c4	TPRG1
8.05292047603148e-63	0.219052506322222	0.862	0.769	2.70078846925144e-58	c4	CXCR4
2.99790768815745e-61	0.348310010879324	0.758	0.688	1.00543828045424e-56	c4	LIMD2
1.63293079071266e-60	1.46622356253593	0.082	0.035	5.4765232858921e-56	c4	CD59
1.20099017108147e-59	0.122824188282319	1	0.997	4.02788083577302e-55	c4	RPL7A
1.68456017815303e-59	0.470887157259411	0.464	0.365	5.64967792548964e-55	c4	CYSTM1
2.88048549809651e-59	0.243393417814581	0.894	0.865	9.66057226351607e-55	c4	RPL27A
3.20437627142677e-59	0.538107830445267	0.442	0.346	1.07468371391111e-54	c4	R3HDM4
1.25627148380086e-58	2.46932693449302	0.026	0.006	4.21328330237132e-54	c4	CXCR5
3.53939071606113e-58	0.644693468311662	0.308	0.217	1.18704085835258e-53	c4	CDC42EP3
1.2885722220516e-57	1.09648106306635	0.132	0.071	4.32161351831664e-53	c4	PRKCI
2.33541290613414e-57	0.135812840677198	0.998	0.996	7.83250780459266e-53	c4	RPL37
5.98667028598819e-57	0.643024448184313	0.363	0.274	2.00780948051472e-52	c4	DSTN
5.97501924838528e-55	1.26640114538871	0.102	0.05	2.00390195552345e-50	c4	LEF1
8.79425905045995e-55	0.138894362954375	0.999	0.996	2.94941860034326e-50	c4	RPL29
9.66087147648359e-55	1.09358127314362	0.156	0.091	3.24006307578307e-50	c4	PASK
3.60681366797152e-54	2.15281873833642	0.028	0.007	1.20965316796429e-49	c4	SPINT2
2.35252646604038e-53	2.45672656777471	0.024	0.005	7.88990326180624e-49	c4	ITGA6
4.76623739327758e-53	1.13121772222693	0.126	0.068	1.59850069695744e-48	c4	BACH2
5.15163652732911e-53	1.84036693431439	0.044	0.014	1.72775585853564e-48	c4	PDLIM1
1.59902767428795e-52	3.67369849601794	0.011	0.001	5.36281901402692e-48	c4	VSIG1
2.19514332799343e-51	0.156843200141473	0.993	0.983	7.36207169342436e-47	c4	RPL21
3.78670245556618e-51	2.66889535969834	0.017	0.003	1.26998426954778e-46	c4	AC119396.1
2.75922034323946e-50	0.222336556271245	0.952	0.928	9.25387318715651e-46	c4	PABPC1
3.98019720594113e-50	0.830082567891143	0.211	0.138	1.33487853892854e-45	c4	MLLT3
6.12520686126441e-50	0.319431763519358	0.771	0.696	2.05427187713086e-45	c4	PRDX1
1.82404438052515e-49	0.797880849556067	0.157	0.094	6.11748004340523e-45	c4	TNFSF14
2.99200678285719e-49	0.259936596933286	0.947	0.932	1.00345923483464e-44	c4	MT-ATP8
1.50235927332605e-48	0.161555296091713	0.985	0.958	5.03861253088092e-44	c4	PPIA
2.32530148819751e-48	0.266665945824091	0.805	0.756	7.79859613111682e-44	c4	NOP53
4.92753616975163e-47	0.192821108795373	0.945	0.909	1.6525970806113e-42	c4	PCBP1
5.32362392615696e-47	1.53035338529947	0.068	0.03	1.78543699235452e-42	c4	THEM4
1.74290958173432e-46	0.51937388407332	0.373	0.287	5.84537015522056e-42	c4	LYSMD2
6.83010351278989e-46	0.472516119226649	0.474	0.394	2.29068011611947e-41	c4	TMBIM1
2.43369841658424e-45	0.100313573503414	1	0.998	8.16213774954021e-41	c4	RPS15
1.91170361192268e-44	0.725478958619137	0.315	0.237	6.41147157366628e-40	c4	AL133415.1
2.15356615572734e-44	0.746818126298389	0.21	0.141	7.22263017307836e-40	c4	ENO2
2.64061611854842e-44	2.52560338719347	0.017	0.003	8.85609833838769e-40	c4	SCGB3A1
2.65829489138887e-44	0.982130070388566	0.114	0.062	8.91538940674001e-40	c4	MATK
2.96986282920463e-44	0.124301540172468	1	0.997	9.9603259565865e-40	c4	MT-CO1
5.58103889895208e-44	1.55114470132498	0.047	0.018	1.87176882593055e-39	c4	EPHA1
6.86424512431287e-43	2.75464267226401	0.014	0.002	2.30213052979205e-38	c4	SPART
7.22210135144575e-43	0.914965229885582	0.135	0.08	2.42214835124788e-38	c4	GIMAP1
1.20804382089407e-42	2.20493551195937	0.026	0.007	4.05153736651453e-38	c4	PLAC8
3.62386966157737e-42	1.55912339360909	0.052	0.021	1.21537340709982e-37	c4	CDHR3
7.47661671670588e-42	0.133575396576715	0.992	0.981	2.50750771444882e-37	c4	RPS9
2.40204386437901e-41	0.759902484780651	0.249	0.181	8.05597471235432e-37	c4	TPST2
8.0605661557857e-41	0.442270921467633	0.433	0.354	2.70335267732741e-36	c4	ATP2B1
2.06274118315793e-40	0.340904416385079	0.64	0.579	6.91802138007506e-36	c4	CIB1
2.35078287624064e-40	1.33428911859168	0.081	0.041	7.88405561033586e-36	c4	IGFBP4
3.37486816032856e-40	1.77288854053172	0.039	0.014	1.13186328361099e-35	c4	FGFBP2
3.76282447539983e-40	0.150579205612674	0.975	0.957	1.26197607255959e-35	c4	RPL27
4.31234104285711e-40	1.02384858268099	0.13	0.079	1.44627293895342e-35	c4	SH3BP5
7.48558935342829e-40	1.97732517107727	0.032	0.01	2.51051695735278e-35	c4	SLC12A7
8.03260576488838e-40	0.309390277132919	0.637	0.564	2.69397532142827e-35	c4	CAST
1.206966695856e-39	0.151210902955675	0.989	0.979	4.04792490456186e-35	c4	MT-ATP6
2.94822323003439e-39	0.766962080681395	0.188	0.126	9.88775106888933e-35	c4	SAMHD1
5.65681230513094e-39	0.480997186413254	0.368	0.293	1.89718171089482e-34	c4	CD5
6.09313622527882e-38	0.100427482521428	1	0.998	2.04351602723401e-33	c4	RPL18
6.12035978650023e-38	0.446585112210188	0.417	0.344	2.05264626519645e-33	c4	MGST3
6.72034580624943e-38	0.136040076559338	0.991	0.979	2.25386957649993e-33	c4	RPL35
7.81748738822692e-38	0.104883452922081	1	0.999	2.62182892026354e-33	c4	PTMA
3.14711400824272e-37	0.16855321885367	0.957	0.939	1.05547909608444e-32	c4	MT-ND5
3.44560388800501e-37	0.941457098902568	0.11	0.064	1.15558663195912e-32	c4	FCMR
3.97788667488686e-37	1.47162335661256	0.047	0.019	1.33410363302355e-32	c4	NME4
6.84623465458426e-37	0.858468990696727	0.168	0.112	2.29609017845447e-32	c4	RIPOR2
2.96619456886427e-36	0.5519558330841	0.333	0.264	9.94802334505699e-32	c4	PNP
3.93402261275708e-36	0.50198946006881	0.375	0.303	1.31939250386647e-31	c4	MAGED2
3.94537425491744e-36	0.228905245716171	0.849	0.808	1.32319961761421e-31	c4	RPL36A
5.37584503028044e-36	0.87573099646508	0.126	0.076	1.80295090625546e-31	c4	DKK3
1.43745551009807e-34	2.02281767221036	0.025	0.007	4.82093828976689e-30	c4	CCDC112
1.72951995866701e-34	1.08772052289967	0.081	0.043	5.80046403737742e-30	c4	BEX2
1.96486641769748e-34	1.74686683569678	0.027	0.009	6.58976899167379e-30	c4	SMAGP
2.301990016155e-34	3.01466815660759	0.008	0.001	7.72041411618063e-30	c4	PDGFB
7.82604429870555e-34	0.180252578890188	0.941	0.911	2.62469873689987e-29	c4	RPL4
9.81025031250737e-34	0.115880086911484	0.994	0.984	3.29016174980872e-29	c4	RACK1
1.27037922933978e-33	1.1848512369628	0.06	0.029	4.26059785935974e-29	c4	TPPP
1.2842857067205e-33	0.299308098346064	0.565	0.494	4.3072374031992e-29	c4	SRRM2
3.05277611333055e-33	0.847468937703661	0.119	0.073	1.0238400528888e-28	c4	BNIP3
3.38348529877577e-33	0.820397878945736	0.055	0.025	1.13475329950342e-28	c4	TRBV5-6
8.52791565971753e-33	0.202677633093283	0.863	0.827	2.86009235395606e-28	c4	PPIB
1.25724459550567e-32	0.12467114762058	0.976	0.953	4.21654692440692e-28	c4	PFN1
9.74448287381011e-32	0.552518429287897	0.253	0.19	3.26810466621843e-27	c4	CA5B
1.35755154531972e-31	0.444893278301893	0.309	0.239	4.55295637269329e-27	c4	PITPNC1
4.74854679157719e-31	0.154657677050308	0.894	0.858	1.59256762295916e-26	c4	SKP1
5.51990653267834e-31	0.159737489220484	0.933	0.896	1.85126625292966e-26	c4	ARPC2
7.44058356452996e-31	2.67184121391339	0.01	0.001	2.49542291587206e-26	c4	LINC02273
8.12125968776704e-31	0.323754704701672	0.475	0.405	2.72370807408331e-26	c4	XBP1
3.42557781870675e-30	0.90729687905444	0.099	0.058	1.14887028883787e-25	c4	GIMAP5
4.25937057980617e-30	0.774112898152653	0.152	0.102	1.42850770505539e-25	c4	AQP3
4.72348961738739e-30	1.63727216914291	0.029	0.01	1.58416394787938e-25	c4	CYB561
7.75123947501835e-30	1.22416082266767	0.052	0.025	2.59961069513165e-25	c4	GKAP1
8.86993572531289e-30	0.421569010488518	0.436	0.375	2.97479904355544e-25	c4	CNN2
4.8967678732685e-29	0.211852717757229	0.707	0.656	1.64227800933679e-24	c4	FAM177A1
1.24875785526485e-28	0.149524023319517	0.997	0.991	4.18808409498725e-24	c4	TMSB10
1.49725824558135e-28	0.863256718683634	0.095	0.056	5.02150470403072e-24	c4	AUTS2
1.66265778397701e-28	0.730623770816747	0.139	0.092	5.57622167590208e-24	c4	ZNF276
2.5862853991903e-28	0.290074719429385	0.532	0.468	8.67388397180444e-24	c4	LAT
2.87631133657088e-28	0.113159687572145	0.991	0.981	9.64657296059143e-24	c4	RPL26
5.08447115627319e-28	0.668321459660836	0.19	0.138	1.7052299363909e-23	c4	LIME1
8.98196379876692e-28	1.89246997774451	0.02	0.006	3.01237101883045e-23	c4	RIMKLB
1.02628109743363e-27	2.00622308961567	0.019	0.006	3.4419415445729e-23	c4	PRSS23
1.40833989632589e-27	0.765099480035456	0.121	0.078	4.72329034429778e-23	c4	KDM7A
1.46111517412393e-27	1.49949842618322	0.025	0.009	4.90028807097685e-23	c4	RNF130
1.93981713658867e-27	1.16658824163933	0.055	0.028	6.50575871269108e-23	c4	SSBP2
2.20583921432551e-27	0.485287485622121	0.286	0.227	7.39794355700491e-23	c4	OGDH
3.28651983792636e-27	3.23366415559459	0.007	0.001	1.10223302324374e-22	c4	HOOK1
7.49843815398367e-27	2.99859509464307	0.008	0.001	2.51482618808304e-22	c4	IFNGR2
9.24054869565536e-27	0.615526068716279	0.233	0.18	3.09909522154889e-22	c4	PPT1
1.99615222536185e-26	1.77701605069652	0.021	0.007	6.69469533341857e-22	c4	PPP1R3B
2.1301765890879e-26	3.39108099362615	0.006	0.001	7.14418624448299e-22	c4	AL109741.1
6.20807811556315e-26	0.265184696266873	0.648	0.593	2.08206523839757e-21	c4	FAM107B
7.63279900878628e-26	0.411325930368724	0.371	0.31	2.55988813156674e-21	c4	ABLIM1
9.79211484944802e-26	1.6625803055879	0.023	0.008	3.28407947820788e-21	c4	MAPRE3
1.34729880959415e-25	0.361134608454677	0.442	0.386	4.51857074761686e-21	c4	NFATC2
1.98908751649551e-25	0.261885387655029	0.582	0.529	6.67100171282264e-21	c4	CD53
2.37831005360494e-25	0.241672926260902	0.655	0.606	7.97637625778026e-21	c4	PPP2R5C
3.88368838145467e-25	0.919544177194201	0.094	0.058	1.30251140937227e-20	c4	ICAM2
4.11551730584927e-25	0.291872766232902	0.515	0.46	1.38026219403573e-20	c4	ATP1A1
1.3870040528116e-24	1.99143981412563	0.017	0.005	4.65173419231955e-20	c4	PRDM8
1.57915325424612e-24	0.239413248602422	0.609	0.555	5.29616418409063e-20	c4	CCSER2
2.47574893984322e-24	0.468297570041603	0.197	0.144	8.30316679444621e-20	c4	SELENOM
3.02827905792086e-24	0.362218515340046	0.411	0.353	1.0156242304455e-19	c4	HMGA1
3.22943496191297e-24	0.818645150842706	0.073	0.042	1.08308789752637e-19	c4	LINC00861
3.28216021369923e-24	0.228826770158946	0.653	0.601	1.10077089247045e-19	c4	EIF5A
5.08723245707804e-24	0.533862711549032	0.264	0.212	1.70615602145483e-19	c4	RAB29
1.12081967780323e-23	0.264834223856737	0.599	0.545	3.75900503541648e-19	c4	KTN1
2.66754987432655e-23	0.171683008805195	0.853	0.823	8.94642876851638e-19	c4	RPL17
2.93226110417088e-23	1.36539065003369	0.037	0.017	9.83421729116829e-19	c4	TP53I11
3.29633477510488e-23	5.26638224387809	0.003	0	1.10552475687467e-18	c4	PLEK2
3.33702994572486e-23	0.18975260728107	0.697	0.639	1.1191731031972e-18	c4	PBXIP1
1.19199826623232e-22	3.18620953874098	0.006	0.001	3.99772378528995e-18	c4	MS4A1
1.49137884905957e-22	0.323264031074267	0.423	0.368	5.00178638397597e-18	c4	ORAI1
1.57378833547193e-22	0.12066965148741	0.917	0.893	5.27817131950576e-18	c4	TOMM7
2.0682276845261e-22	0.388828606415894	0.355	0.304	6.93642200836364e-18	c4	RNF126
2.53893445121759e-22	0.360793058386054	0.439	0.385	8.51507836249356e-18	c4	GZMM
3.99262578661464e-22	0.101291951672247	0.985	0.968	1.33904683631482e-17	c4	RPSA
5.88424795585957e-22	0.294560349025964	0.512	0.465	1.97345907943618e-17	c4	TECR
6.09005252746462e-22	0.831299365326994	0.08	0.049	2.04248181666109e-17	c4	KCTD6
8.65599110852333e-22	0.529671012770455	0.227	0.177	2.90304629797655e-17	c4	KDSR
1.0809815712966e-21	0.67071562337296	0.118	0.08	3.62539599381454e-17	c4	KCNA3
1.19812903128269e-21	2.02811412029117	0.013	0.003	4.01828514511588e-17	c4	FAM84B
1.26767337912565e-21	0.627038042716251	0.159	0.116	4.25152297891162e-17	c4	ELK3
1.31914578084496e-21	0.271088008252738	0.583	0.535	4.42415111979784e-17	c4	NDFIP1
1.98072568724425e-21	0.593105697374321	0.175	0.13	6.64295780987977e-17	c4	MIAT
2.44623454722022e-21	1.12806808245185	0.044	0.022	8.20418142446719e-17	c4	SHISAL2A
7.25640954975204e-21	0.317561438369282	0.413	0.361	2.43365463479584e-16	c4	FKBP2
7.74352385209127e-21	2.10772596774209	0.009	0.002	2.59702302951437e-16	c4	LGMN
8.68083931480097e-21	1.20931376863023	0.033	0.015	2.91137988939795e-16	c4	ANK3
1.68220635795901e-20	0.298400445497237	0.431	0.38	5.64178368332292e-16	c4	PRMT1
2.36478193723806e-20	2.63469551127	0.009	0.002	7.93100566110901e-16	c4	CKAP4
2.46531208263457e-20	1.22028879979599	0.04	0.02	8.26816366273981e-16	c4	TCEAL4
2.70629951812633e-20	0.104809568808344	0.958	0.932	9.0763873238921e-16	c4	H3F3A
2.84850588300119e-20	0.297519568044833	0.392	0.339	9.55331903040938e-16	c4	PRNP
3.4094743794002e-20	0.104590909221709	0.979	0.966	1.14346951736324e-15	c4	CALM1
5.11140954389035e-20	0.29961427837951	0.514	0.473	1.71426453282994e-15	c4	OSBPL8
5.43582226142033e-20	0.15432390775369	0.726	0.688	1.82306607003515e-15	c4	ATP6V1G1
7.11699790547882e-20	0.308924817899513	0.434	0.387	2.38689875753948e-15	c4	ANXA7
1.28865205815152e-19	0.601630643261563	0.189	0.147	4.32188127262858e-15	c4	BIN2
1.45900406247085e-19	1.40927618385389	0.025	0.011	4.89320782471474e-15	c4	TMEM63A
1.74586442753342e-19	0.532507530031978	0.224	0.179	5.85528011706158e-15	c4	GPR132
1.84578614051789e-19	1.3611981574331	0.023	0.009	6.19039755806889e-15	c4	CDK5R1
2.11070410426512e-19	1.17783584219373	0.035	0.017	7.07887942488437e-15	c4	SBK1
2.41776902711363e-19	1.493458643094	0.02	0.008	8.10871376313371e-15	c4	CDH1
3.10436345297375e-19	0.302598674243011	0.474	0.429	1.04114141485834e-14	c4	CDC42SE1
3.35472383308128e-19	1.86057637292235	0.014	0.004	1.1251072791388e-14	c4	TTYH2
3.49901776600387e-19	2.38932490544067	0.008	0.002	1.17350057836238e-14	c4	GPR157
3.54300603696322e-19	0.84011855776428	0.087	0.056	1.18825336467673e-14	c4	NQO2
4.35619612233704e-19	1.29569693960654	0.027	0.012	1.4609810555094e-14	c4	F11R
5.18335213490401e-19	0.576119578633223	0.168	0.127	1.73839263900411e-14	c4	TRADD
5.51786483375549e-19	0.690264943181286	0.135	0.098	1.85058150794492e-14	c4	ADD3
6.8370826367108e-19	0.156707695989311	0.588	0.541	2.29302077470007e-14	c4	LITAF
8.62218667183474e-19	0.354302350804767	0.381	0.338	2.89170896599994e-14	c4	OCIAD2
9.06971813304293e-19	0.243184133366164	0.491	0.443	3.04180206745994e-14	c4	KRT10
9.08734577972334e-19	0.546308199157428	0.196	0.153	3.04771402760361e-14	c4	UBE2Q2
9.8307055430439e-19	0.496731977181925	0.17	0.128	3.29702202502606e-14	c4	DNAJC5
1.23489655126144e-18	0.792741990667248	0.087	0.057	4.14159605362061e-14	c4	RASSF3
1.40047832081145e-18	1.24879515259922	0.032	0.015	4.69692419233746e-14	c4	GNAO1
1.60393165796057e-18	0.688874084785295	0.126	0.09	5.37926599446814e-14	c4	FLOT1
1.64180889695475e-18	0.590121270060503	0.125	0.088	5.50629867860683e-14	c4	PRR7
2.10594152314941e-18	0.655654306955932	0.097	0.065	7.0629066803385e-14	c4	BCL9L
2.16277257673947e-18	0.357048846980451	0.309	0.261	7.25350666786884e-14	c4	CYB5A
2.57357070465846e-18	0.322525481009945	0.428	0.384	8.63124142928354e-14	c4	IL27RA
3.33295514728032e-18	0.167558036057982	0.919	0.89	1.11780649729487e-13	c4	S100A6
3.468110869797e-18	0.268514991687582	0.41	0.359	1.16313502351252e-13	c4	MARCKSL1
4.03820122840748e-18	0.193679039412902	0.667	0.63	1.3543319279833e-13	c4	MT-ND6
5.10152853736673e-18	0.937209197984864	0.065	0.04	1.71095064086205e-13	c4	AC006369.1
7.47496859266764e-18	1.32190161403849	0.023	0.01	2.50695496660887e-13	c4	STX3
8.36514372913867e-18	0.43022078458068	0.342	0.301	2.80550190387853e-13	c4	CCND3
1.10803224819271e-17	0.963770370727648	0.05	0.028	3.71611855398872e-13	c4	ISYNA1
1.1100456178364e-17	0.6868334876416	0.09	0.06	3.72287099309972e-13	c4	NBEAL2
1.11583465725911e-17	0.918881053818254	0.057	0.033	3.7422862735156e-13	c4	NCF1
1.91303019515326e-17	2.85138200191629	0.004	0.001	6.41592066850501e-13	c4	CX3CR1
2.05082112805509e-17	0.149449476283919	0.795	0.758	6.87804389927115e-13	c4	APOBEC3G
2.41652908694275e-17	1.46081549134841	0.023	0.01	8.1045552517886e-13	c4	FAM169A
2.64230816006464e-17	1.32742145079483	0.032	0.016	8.86177310722478e-13	c4	SMIM3
3.36906176465439e-17	0.702737618394169	0.101	0.069	1.12991593462979e-12	c4	STARD10
3.43434329730924e-17	1.00742207704524	0.044	0.024	1.15181005505157e-12	c4	MPP6
4.63370576228134e-17	1.96340357721819	0.008	0.002	1.55405223855392e-12	c4	PLAUR
5.37880164875733e-17	0.460096641603118	0.186	0.145	1.80394249696023e-12	c4	CTDSP2
7.14960939134116e-17	0.89088987641933	0.06	0.036	2.397835997668e-12	c4	PLCD1
8.3433122542485e-17	0.539385253846535	0.174	0.135	2.79818006382986e-12	c4	ASMTL
1.34058881044707e-16	1.86410844509879	0.012	0.004	4.49606675247738e-12	c4	RTL5
1.72056527112131e-16	2.78896340651082	0.004	0	5.77043180628664e-12	c4	NOG
1.74321599059074e-16	1.31956253640096	0.024	0.011	5.84639778924323e-12	c4	TSGA10
1.88275919767526e-16	3.91629091021416	0.003	0	6.31439779716329e-12	c4	DMKN
1.99322950147628e-16	2.82355878124194	0.005	0.001	6.68489310205115e-12	c4	GPR160
2.11106923547367e-16	6.16941203245799	0.002	0	7.08010400193158e-12	c4	CFH
2.99860543536098e-16	1.80775622826582	0.012	0.004	1.00567229091136e-11	c4	LOXL1-AS1
3.10112897864446e-16	2.34338172225924	0.007	0.002	1.04005663685778e-11	c4	PTGER2
3.39558109347932e-16	0.521841276568581	0.171	0.134	1.13880998713109e-11	c4	HIVEP2
3.66451544224096e-16	0.668279018419693	0.102	0.071	1.22900518901877e-11	c4	MPP7
3.69455639255555e-16	0.515171577223588	0.188	0.149	1.23908032293528e-11	c4	C16orf54
4.61535607766423e-16	0.119247526364764	0.883	0.869	1.54789812132703e-11	c4	MT-ND4
4.9603983587504e-16	0.109975174751823	0.953	0.928	1.66361840155771e-11	c4	EEF2
5.26527002127353e-16	0.597660747980123	0.175	0.138	1.76586625973472e-11	c4	ESYT1
5.5377535954068e-16	0.122142355922671	0.858	0.833	1.85725180082753e-11	c4	RPS20
7.40079569695403e-16	0.757772108732104	0.09	0.061	2.48207886084444e-11	c4	PCSK1N
7.64063876042185e-16	1.17128699609263	0.022	0.01	2.56251742747028e-11	c4	ACHE
8.20328814558008e-16	0.514652347057589	0.163	0.126	2.75121877826465e-11	c4	STAT6
9.88283070032218e-16	0.866803918492684	0.058	0.035	3.31450376027405e-11	c4	SMARCD3
1.17431290414011e-15	1.60796109598076	0.014	0.005	3.93841061790511e-11	c4	PLPP2
1.22639526568021e-15	0.274706464202905	0.448	0.408	4.11308444203828e-11	c4	CD58
1.34476117518882e-15	0.93046120603826	0.044	0.025	4.51006002934826e-11	c4	TNFRSF13C
1.37138788928361e-15	0.26636813806555	0.459	0.421	4.59936070307936e-11	c4	ARL2BP
1.60208113918791e-15	0.532594351656738	0.148	0.113	5.37305972460842e-11	c4	LINC00623
1.95155981901036e-15	2.24666885241119	0.008	0.002	6.54514132099693e-11	c4	RAB11FIP5
2.23787662126579e-15	0.283607815451162	0.391	0.349	7.50539061240122e-11	c4	YIPF5
2.28497165123177e-15	0.823284824184425	0.061	0.038	7.6633379239011e-11	c4	TCEAL3
2.36850900249649e-15	1.65437348802076	0.017	0.007	7.94350549257273e-11	c4	FXYD1
2.95579287545914e-15	0.86087525528354	0.035	0.018	9.91313814571486e-11	c4	NKD1
3.51197839833268e-15	0.302611928039666	0.38	0.338	1.17784731523281e-10	c4	RBBP7
5.42513810073324e-15	0.743420895903415	0.062	0.039	1.81948281622391e-10	c4	SH3YL1
7.10650804824927e-15	0.297789314041696	0.439	0.399	2.38338066922184e-10	c4	GYG1
7.5312095244129e-15	0.528212910212878	0.184	0.148	2.5258170502976e-10	c4	MYD88
8.38083972556908e-15	0.466095169008515	0.223	0.186	2.81076602716136e-10	c4	ESD
1.07861132516173e-14	0.23896734034216	0.474	0.436	3.61744666232742e-10	c4	PDCD5
1.10018969525957e-14	0.938733467296799	0.048	0.029	3.68981619996154e-10	c4	PLA2G12A
1.12046679591797e-14	0.423786862129587	0.23	0.191	3.7578215401497e-10	c4	DYNLT3
1.3427876155221e-14	0.472751693321699	0.198	0.159	4.50344110493803e-10	c4	SKI
1.55735502419474e-14	1.0726907699269	0.022	0.01	5.22305728014433e-10	c4	CD300A
1.69420710854518e-14	0.531503879647278	0.133	0.1	5.68203180063881e-10	c4	MED16
2.0009075165784e-14	0.120002618893	0.838	0.801	6.71064362910064e-10	c4	LAPTM5
2.05671873617889e-14	3.10519439473148	0.004	0.001	6.89782329739676e-10	c4	EML1
2.14295582181883e-14	0.194772078533857	0.629	0.593	7.18704523521598e-10	c4	TNIP1
3.18927230637062e-14	0.340035352377282	0.285	0.245	1.06961814611058e-09	c4	HAX1
3.30221521574253e-14	4.61970525340981	0.002	0	1.10749693905573e-09	c4	FMN1
4.35034742698194e-14	0.983139217808716	0.042	0.025	1.4590195200612e-09	c4	ERC1
4.40198968810705e-14	0.513255442357405	0.187	0.152	1.47633930159734e-09	c4	GCLM
4.40953372109013e-14	1.17326501912087	0.026	0.013	1.47886941937921e-09	c4	SH2B3
5.02306072270478e-14	0.417748207377239	0.21	0.172	1.68463410518073e-09	c4	EPB41
5.80974204939574e-14	0.985460021108468	0.036	0.02	1.94847128852634e-09	c4	SSX2IP
5.85674567505434e-14	3.39017122482449	0.003	0	1.96423536449972e-09	c4	IL5RA
6.43929628112763e-14	0.649446419844661	0.064	0.042	2.15961118676458e-09	c4	MYC
1.28657621395592e-13	0.254440003011617	0.416	0.38	4.31491930636536e-09	c4	MANF
1.39574186227466e-13	2.30243820376073	0.005	0.001	4.68103905769676e-09	c4	IFNG-AS1
1.47385864998789e-13	0.706879105466604	0.056	0.036	4.94302714032937e-09	c4	CXCL16
1.82384670511212e-13	1.12347449612527	0.034	0.019	6.11681707960503e-09	c4	NETO2
1.83133972430746e-13	1.8532494977534	0.007	0.002	6.14194716738236e-09	c4	NUAK2
1.96000211880393e-13	0.254075278527613	0.442	0.407	6.57345510604463e-09	c4	ATP5PD
1.99419955699774e-13	0.578204780405122	0.109	0.081	6.68814647425901e-09	c4	RAP2B
2.05624503013189e-13	0.101830893174234	0.98	0.969	6.89623458205633e-09	c4	RPL22
2.08644777659701e-13	1.51934187777576	0.014	0.006	6.99752855315104e-09	c4	TCF7L2
2.45015273949847e-13	2.19579737875918	0.006	0.002	8.21732225772996e-09	c4	CFD
2.53110581536566e-13	1.61736172994808	0.012	0.004	8.48882268357336e-09	c4	SYNM
2.62810594654164e-13	0.272283975599571	0.48	0.454	8.81414172351134e-09	c4	AES
3.23584526955086e-13	0.577601889894157	0.107	0.079	1.08523778650197e-08	c4	SIPA1
3.37739601271756e-13	0.276532172672216	0.392	0.356	1.13271107474521e-08	c4	RPS10
3.55260179345193e-13	1.32667990331566	0.021	0.01	1.19147158948791e-08	c4	SMKR1
4.02634849534818e-13	1.16994162551686	0.026	0.013	1.35035675836987e-08	c4	TMOD2
4.23229625444927e-13	0.510870308382416	0.134	0.103	1.4194275178172e-08	c4	CD28
4.54773010669096e-13	0.560814460535998	0.115	0.086	1.52521772318201e-08	c4	GRK6
4.64145160383939e-13	0.873300101952958	0.053	0.034	1.55665003889565e-08	c4	CUX1
5.28749366206682e-13	1.85253942011469	0.013	0.005	1.77331962438397e-08	c4	SWAP70
6.49073571370614e-13	1.04153432481034	0.031	0.017	2.17686294366277e-08	c4	RIC3
6.54156336364309e-13	0.357887478593495	0.268	0.231	2.19390952089862e-08	c4	TMEM243
6.60838691131713e-13	1.15046033814981	0.032	0.017	2.21632080231754e-08	c4	PHLDB2
7.0150578457505e-13	1.05049490741187	0.049	0.031	2.3527101003078e-08	c4	GPX7
7.31802856802674e-13	0.309044744769378	0.364	0.331	2.45432042114481e-08	c4	CAPN2
8.45560619853129e-13	0.471768484358854	0.168	0.135	2.83584120686342e-08	c4	SBF1
1.00721388430841e-12	2.27902333402048	0.005	0.001	3.37799392519355e-08	c4	TMCC3
1.2586656820222e-12	0.281485276143392	0.37	0.337	4.22131296436605e-08	c4	SMDT1
1.5349152425625e-12	1.23890074686008	0.019	0.009	5.14779874050611e-08	c4	USP53
1.72664046599442e-12	1.85041779165825	0.007	0.002	5.7908067948521e-08	c4	PLCB1
1.73801581169121e-12	0.350845360742129	0.275	0.24	5.82895742924999e-08	c4	SKIL
1.82202072458389e-12	1.08889058005997	0.028	0.015	6.11069310610945e-08	c4	FADS3
1.99503001088797e-12	0.149647774315157	0.663	0.633	6.69093165051608e-08	c4	EIF3G
3.05485911575184e-12	2.46009642002072	0.006	0.001	1.02453865024085e-07	c4	NT5E
3.06906613670163e-12	3.72704565251214	0.002	0	1.02930340092699e-07	c4	LAMA3
3.27764357823399e-12	0.423678049063907	0.147	0.115	1.09925610326811e-07	c4	BID
4.13129828617107e-12	0.588516770994667	0.112	0.085	1.38555481921605e-07	c4	ZNF32
4.28973249321302e-12	0.180870719732516	0.512	0.476	1.43869048357378e-07	c4	TRAM1
4.36417534338225e-12	0.59127983271217	0.066	0.044	1.46365712666354e-07	c4	SGK3
4.98465711943621e-12	5.69091652803088	0.001	0	1.67175430471652e-07	c4	WWC2
4.99152647525638e-12	5.05337507289957	0.001	0	1.67405814927148e-07	c4	KRT73
5.10648636953078e-12	1.14397010277765	0.022	0.011	1.71261339861323e-07	c4	JAM3
5.2722712064328e-12	0.256241293077176	0.271	0.232	1.76821431721343e-07	c4	CRYBG1
5.28590125327803e-12	1.07198451990034	0.027	0.015	1.77278556232438e-07	c4	GIMAP8
5.44819937782571e-12	0.344856838955828	0.248	0.213	1.82721710733519e-07	c4	HDGF
5.78358132159232e-12	3.14948276280239	0.003	0	1.93969750363563e-07	c4	KDF1
6.0059290311443e-12	0.160366871484685	0.665	0.635	2.01426847846518e-07	c4	CD6
7.23275685233697e-12	0.530401251862768	0.107	0.08	2.42572199313677e-07	c4	LPGAT1
7.72789707996108e-12	0.459214996740602	0.131	0.101	2.59178212267735e-07	c4	RNF168
8.19726340558939e-12	1.27299675977376	0.02	0.01	2.74919820096657e-07	c4	PLEKHA5
8.23175291918532e-12	0.146942516987102	0.626	0.595	2.76076529403637e-07	c4	CSTB
8.75461147920997e-12	0.656309291559106	0.068	0.046	2.93612159789744e-07	c4	PIK3CB
9.60126850120886e-12	0.648000140780488	0.074	0.051	3.22007342993543e-07	c4	SH2D3A
1.44028281761479e-11	2.90819373076123	0.003	0	4.83042051371648e-07	c4	NR3C2
1.70109875502352e-11	1.41721851613852	0.014	0.006	5.70514500459788e-07	c4	GALNT3
1.82851660570515e-11	1.49905912092188	0.011	0.004	6.13247899221394e-07	c4	LYPD3
1.90409540952696e-11	0.715327460502502	0.087	0.064	6.38595518447151e-07	c4	SLC35E4
1.97389211994748e-11	1.87823244003633	0.008	0.003	6.62003939187987e-07	c4	ZDHHC23
2.57120954557885e-11	0.529922640284161	0.111	0.084	8.62332257396235e-07	c4	ANKH
2.68479106374284e-11	0.531803208107861	0.11	0.083	9.00425226958074e-07	c4	CORO7
2.79696330826376e-11	1.04272567076633	0.024	0.012	9.38045554325501e-07	c4	KLRG1
3.03434329555909e-11	0.662487611352359	0.069	0.048	1.01765805446461e-06	c4	FOXP4
3.0801860756212e-11	1.00014790174909	0.028	0.015	1.03303280604184e-06	c4	IL23A
3.30848311443867e-11	0.93058431123738	0.028	0.015	1.10959906692044e-06	c4	ADARB1
3.39136259048139e-11	0.492292812703612	0.135	0.107	1.13739518559565e-06	c4	TSPAN3
3.75160759255376e-11	1.83584533352429	0.009	0.003	1.25821415439068e-06	c4	RRAGD
3.88004475973185e-11	0.143702457009813	0.646	0.616	1.30128941151887e-06	c4	SF1
3.91823559001247e-11	0.418519204992005	0.078	0.055	1.31409785217838e-06	c4	TRAV19
3.99563514193656e-11	0.761047000509294	0.034	0.02	1.34005611390268e-06	c4	GPR15
4.19652298648448e-11	1.13807047143708	0.018	0.009	1.40742987920716e-06	c4	KIFC3
4.4399519490032e-11	0.415596800057849	0.167	0.136	1.48907108465669e-06	c4	GLIPR2
4.97789810784554e-11	1.87944096930387	0.008	0.003	1.66948746740924e-06	c4	DOCK7
5.40670249851828e-11	0.16644525113059	0.483	0.447	1.81329988395306e-06	c4	NDUFC1
5.60438027372841e-11	4.21566731319796	0.001	0	1.87959705620303e-06	c4	AC005064.1
5.69311865248693e-11	0.464861165847153	0.152	0.123	1.90935813367107e-06	c4	RGS14
5.91630913365581e-11	0.210183530297285	0.428	0.394	1.98421175724548e-06	c4	RAP1A
6.24561642857189e-11	0.335774363743018	0.296	0.264	2.09465483781444e-06	c4	SETD2
6.70004958217277e-11	1.91831812929298	0.008	0.003	2.2470626288691e-06	c4	C17orf51
6.94611378133296e-11	0.80683717644484	0.044	0.028	2.32958763998345e-06	c4	BBS2
7.01701539700874e-11	1.32207018824518	0.016	0.007	2.35336662384879e-06	c4	MYBL1
7.20936049423864e-11	0.329630683939778	0.228	0.193	2.41787532255775e-06	c4	EOMES
7.32350628166999e-11	0.224238889257031	0.437	0.406	2.45615753674648e-06	c4	NDUFA12
7.55235578640594e-11	2.65604623094597	0.003	0.001	2.53290908364483e-06	c4	TMEM171
8.0238603202432e-11	1.86651255401929	0.007	0.002	2.69104227420316e-06	c4	PHETA1
8.65594469240646e-11	1.05758858003914	0.022	0.012	2.90303073093928e-06	c4	POMGNT2
9.16291829828757e-11	0.193034878406271	0.457	0.424	3.07305953887968e-06	c4	ARID5A
9.56552865712114e-11	0.346923551973132	0.227	0.194	3.20808700102529e-06	c4	PEA15
9.77257992362854e-11	0.454227201288448	0.149	0.12	3.27752785478654e-06	c4	TRMT6
1.03098023317111e-10	1.13319596459919	0.023	0.012	3.45770150600928e-06	c4	ABL2
1.0725408391411e-10	0.83005331076867	0.041	0.026	3.59708746631143e-06	c4	GSTM3
1.10442783637283e-10	0.764972926850836	0.054	0.037	3.70403007762718e-06	c4	PAQR8
1.11050418943257e-10	0.859719020263198	0.033	0.019	3.72440895051896e-06	c4	ZSCAN18
1.12871793561307e-10	0.200060081013993	0.455	0.424	3.78549421245912e-06	c4	RELA
1.24218449456112e-10	0.891723979172938	0.022	0.011	4.1660383578591e-06	c4	DLK2
1.28897098721465e-10	1.82233075214486	0.007	0.002	4.3229508969205e-06	c4	LAIR1
2.0921721419764e-10	0.430484588690446	0.153	0.124	7.01672692976045e-06	c4	PTPRE
2.18685273235175e-10	0.389135094731981	0.161	0.131	7.33426669376131e-06	c4	NDUFAF4
2.21598134994766e-10	0.211170709796148	0.57	0.539	7.43195825145446e-06	c4	LGALS3
2.31156581923185e-10	0.901797493839573	0.031	0.018	7.75252944453979e-06	c4	DOCK9
3.10395814843546e-10	0.251920183067221	0.438	0.41	1.04100548382228e-05	c4	SYNE2
4.07686803373537e-10	1.99170664671526	0.006	0.002	1.36730000115417e-05	c4	PELI2
4.10780416785421e-10	1.44972879223796	0.01	0.004	1.37767536181495e-05	c4	C1orf61
4.49805743723842e-10	0.516364556444562	0.102	0.078	1.50855850330102e-05	c4	AIM2
4.62604656628778e-10	0.209296676291853	0.441	0.411	1.5514834974016e-05	c4	PRMT2
5.12079141298162e-10	0.449709232856327	0.144	0.117	1.71741102408578e-05	c4	RNPEPL1
5.72311189818361e-10	7.88436779777866	0.001	0	1.91941726841282e-05	c4	PRSS35
6.43089350441747e-10	2.23794141239932	0.007	0.002	2.15679306351153e-05	c4	CRYBG3
6.89625788204249e-10	1.31848637564255	0.013	0.006	2.31286696847941e-05	c4	BEX5
6.89958670770671e-10	2.17086155036578	0.005	0.001	2.31398339003068e-05	c4	PFN2
7.09552918781549e-10	2.63041456431777	0.003	0.001	2.37969857900956e-05	c4	ESM1
8.27776048368486e-10	0.621043745184015	0.094	0.071	2.77619531101823e-05	c4	SUN1
8.29175652513329e-10	3.55917225757536	0.002	0	2.7808893033992e-05	c4	EDA
9.56120746993397e-10	3.1566973182206	0.004	0.001	3.20663776126646e-05	c4	GNG7
9.67942463950155e-10	0.114419243059975	0.776	0.752	3.24628543559603e-05	c4	COMMD6
9.82911988124858e-10	0.778411469684259	0.034	0.021	3.29649022577315e-05	c4	PPP1R13B
1.13045198594897e-09	0.666971279039969	0.05	0.034	3.79130987047565e-05	c4	NBPF1
1.23274868749999e-09	0.2124025926863	0.404	0.374	4.13439254813748e-05	c4	PHF1
1.26745723269606e-09	0.432194789443761	0.117	0.092	4.25079806701604e-05	c4	KPNA5
1.3173350044016e-09	1.71658460708655	0.011	0.004	4.41807813776209e-05	c4	SLC44A1
1.3357873232486e-09	0.138055735322582	0.706	0.691	4.47996352471117e-05	c4	GUK1
1.34418313184268e-09	1.75722928119426	0.006	0.002	4.508121387574e-05	c4	NDRG2
1.6491913398582e-09	1.99802111601371	0.005	0.001	5.53105791561643e-05	c4	AP002884.1
1.66055333226418e-09	0.551994198841649	0.098	0.076	5.5691637657476e-05	c4	SCOC
1.92483447746485e-09	0.420035369002356	0.171	0.144	6.45550987052163e-05	c4	MSL3
2.03148345208515e-09	0.853989665121679	0.033	0.02	6.81318920160319e-05	c4	CPQ
2.04150624131828e-09	0.447502191771623	0.106	0.083	6.84680363213323e-05	c4	C21orf2
2.31350517631242e-09	0.70515573327322	0.04	0.026	7.75903366031658e-05	c4	AL365361.1
2.46639128085886e-09	0.259712556250456	0.333	0.302	8.27178307774446e-05	c4	TMEM123
2.47541902069299e-09	2.08607337203903	0.005	0.001	8.30206031160016e-05	c4	ZDHHC11B
2.63274634405941e-09	0.537525800512817	0.106	0.083	8.82970468870644e-05	c4	LRRC8D
2.70479069333114e-09	0.57264552548831	0.078	0.057	9.07132702729396e-05	c4	TRDMT1
3.33250969602971e-09	2.20949123546299	0.004	0.001	0.000111765710185444	c4	CRB3
3.980179096937e-09	1.03847988756833	0.025	0.014	0.000133487246553073	c4	USP46
4.04910358168739e-09	1.77730442110219	0.006	0.002	0.000135798835922632	c4	DNAJC6
4.07246254504929e-09	0.728181678299658	0.032	0.02	0.000136582248835863	c4	TIMP1
4.21576792237571e-09	4.25007360745396	0.001	0	0.000141388424580637	c4	SSPN
4.2201577114227e-09	3.5894919596398	0.001	0	0.000141535649325695	c4	BANK1
4.29650760545281e-09	0.674018470783225	0.063	0.045	0.000144096272071676	c4	ARHGAP31
4.74557421668641e-09	0.29010802118384	0.265	0.235	0.000159157068079229	c4	TMEM50B
5.01149021341391e-09	2.32207762347524	0.005	0.001	0.000168075358777476	c4	S100B
5.54546939057241e-09	0.304197338415534	0.249	0.221	0.000185983952421018	c4	DNAJC19
6.7764365842488e-09	2.58511279147899	0.001	0	0.000227268130162536	c4	CD19
6.88407064557001e-09	1.35216834277627	0.012	0.006	0.000230877961311127	c4	SMIM14
8.07579289417986e-09	0.136513811493233	0.544	0.521	0.000270845942085004	c4	CDC42SE2
8.24416629042194e-09	0.508339441182497	0.104	0.082	0.000276492849048171	c4	CCDC92
8.36202657954317e-09	2.14544604910187	0.006	0.002	0.000280445647424719	c4	MID2
8.4947985754663e-09	1.66423324572723	0.01	0.004	0.000284898554623989	c4	AFDN
9.53516345472937e-09	0.331692557971442	0.242	0.214	0.000319790311944714	c4	SSH2
9.58336049020852e-09	0.114919206665437	0.684	0.661	0.000321406744120613	c4	SEC62
9.97338037242133e-09	0.497349845455086	0.112	0.089	0.000334487230930266	c4	LPCAT1
1.05120218843657e-08	0.183932694965304	0.438	0.413	0.000352552189957858	c4	SSBP1
1.11606794360997e-08	2.26647192519504	0.003	0.001	0.000374306866927913	c4	XIST
1.18674209920389e-08	1.00203172795101	0.026	0.015	0.000398009565231001	c4	PIAS2
1.28763404232351e-08	1.51425538043284	0.008	0.003	0.00043184670511446	c4	ZCCHC14
1.37881017652409e-08	1.58423574907052	0.01	0.004	0.000462425357002649	c4	SPINT1
1.42763678185008e-08	0.353709597093732	0.189	0.161	0.000478800823896881	c4	RNF125
1.45340078208712e-08	1.54052093743877	0.009	0.004	0.000487441554296378	c4	PPIL6
1.52221576493736e-08	3.37305011778482	0.002	0	0.00051052072324469	c4	AP000977.1
1.52847532544398e-08	0.255123087187305	0.256	0.225	0.000512620054647402	c4	SVIP
1.67355120334132e-08	0.494937357650293	0.087	0.067	0.000561275602576613	c4	HDHD3
1.92604560138605e-08	0.402312168353785	0.159	0.133	0.000645957173792854	c4	TESPA1
1.95195527504015e-08	0.173714044083968	0.542	0.522	0.000654646760142967	c4	SNHG8
2.17020182104814e-08	1.3273934656823	0.014	0.007	0.000727842286743125	c4	PTPRM
2.27992327468743e-08	0.529512457134984	0.083	0.063	0.00076464066786467	c4	NAA16
2.29246315489773e-08	2.98441943866131	0.002	0	0.0007688462928896	c4	TBXA2R
2.33478239532509e-08	1.37763661539293	0.016	0.008	0.00078303931974413	c4	LINC01215
2.33844719377091e-08	0.392882070215205	0.157	0.132	0.000784268419846887	c4	CFAP36
2.3665725964167e-08	2.16419492590154	0.004	0.001	0.000793701117386232	c4	BEND5
2.49810251490263e-08	1.6904726440308	0.005	0.001	0.000837813621448045	c4	PPFIBP2
2.55743832729794e-08	3.64800537304526	0.002	0	0.000857713666209182	c4	TJP2
2.56621921887629e-08	3.174469607476	0.002	0	0.00086065860162673	c4	RAP1GAP2
2.79968015276844e-08	3.57011160745547	0.002	0	0.00093895672963548	c4	TMEM220
2.8053836671255e-08	3.46789419204861	0.002	0	0.000940869574280552	c4	ALOX5
2.80642188030834e-08	3.30063789764534	0.002	0	0.000941217770217812	c4	BLNK
2.92400281555083e-08	0.881901811021851	0.026	0.016	0.000980652064279438	c4	GAS7
2.97041781216592e-08	0.444520748937871	0.13	0.106	0.000996218725844205	c4	SMAD3
3.09942366771456e-08	1.53403024258508	0.006	0.002	0.00103948470967811	c4	AMIGO1
3.45885052711265e-08	0.209018843780463	0.334	0.305	0.00116002928978304	c4	IMPDH2
3.50175930349364e-08	0.368590258352897	0.17	0.145	0.0011744200352057	c4	MRPL3
3.63481016598658e-08	0.447550618526992	0.16	0.137	0.00121904263346858	c4	AP1S2
3.71107057871514e-08	1.39825804175776	0.011	0.005	0.00124461885068948	c4	ZBTB18
3.99181053649161e-08	0.370247261648534	0.202	0.177	0.00133877341772856	c4	CBX6
4.11362091586468e-08	0.403311573492207	0.16	0.136	0.0013796261827627	c4	WDR18
4.17475712970808e-08	0.832438583061264	0.037	0.025	0.0014001300461615	c4	DSE
4.39727659052831e-08	0.895507251663686	0.035	0.023	0.00147475862293138	c4	CLU
4.76779796308488e-08	0.142738206580859	0.495	0.467	0.00159902408085941	c4	RNH1
4.77252621016782e-08	0.420280073547478	0.105	0.083	0.00160060984036608	c4	PLEKHA1
5.085578133276e-08	0.197141210859702	0.404	0.38	0.00170560119433811	c4	RALGDS
5.21245407286342e-08	3.0916947197647	0.002	0	0.00174815284695694	c4	TSPAN15
5.46287506669808e-08	2.22913985648696	0.004	0.001	0.0018321390398692	c4	AC008440.3
6.01106094550817e-08	2.78438175072528	0.003	0.001	0.00201598961990453	c4	UNC5B-AS1
6.27518627251689e-08	0.37304737229598	0.094	0.072	0.00210457197207672	c4	TRBV7-9
6.37683342332005e-08	0.381709910294324	0.148	0.123	0.00213866239351308	c4	CDC14A
6.86556031738862e-08	1.81712294232364	0.004	0.001	0.0023025716192458	c4	LINC00402
7.01244030562432e-08	0.511906029646879	0.075	0.057	0.00235183222970029	c4	INTS5
7.07400011083518e-08	0.990851233756664	0.013	0.006	0.0023724781571719	c4	LINC02256
7.43711502847512e-08	2.15637350407833	0.003	0.001	0.00249425963824998	c4	AC036108.2
7.67374490903202e-08	1.1797540064963	0.016	0.008	0.00257362056759116	c4	FSD1L
8.09366855733232e-08	0.137402134078252	0.535	0.51	0.00271445456075811	c4	PCMT1
8.17076868055549e-08	1.08193783783012	0.018	0.01	0.0027403124000847	c4	TEPP
8.44672232959905e-08	0.214827748174554	0.379	0.356	0.00283286173490093	c4	TRABD
8.51136096997647e-08	0.395631269296683	0.139	0.115	0.00285454024211071	c4	FBXO34
1.01380308619734e-07	0.184285431419386	0.41	0.383	0.00340009279048862	c4	RANBP1
1.02419530984963e-07	1.06589479286387	0.022	0.013	0.00343494623017369	c4	ZYG11B
1.09946118161661e-07	0.723955191431585	0.018	0.01	0.00368737291090577	c4	TRBV10-3
1.13233462888183e-07	2.9314418105384	0.003	0.001	0.00379762387834388	c4	UNC13B
1.17189483501732e-07	1.1934588606014	0.01	0.004	0.0039303008976811	c4	ANKEF1
1.21084265517808e-07	2.12727701798966	0.004	0.001	0.00406092409693626	c4	ICOSLG
1.21375648049544e-07	2.01279344982052	0.004	0.001	0.00407069648428559	c4	CFAP126
1.26867753005784e-07	0.349603680420272	0.174	0.15	0.00425489070030799	c4	CUL1
1.27210803499739e-07	0.357707335800906	0.177	0.153	0.00426639592777425	c4	HGSNAT
1.33373038068055e-07	1.02718843721289	0.017	0.01	0.00447306495072642	c4	ADRB2
1.39228269200718e-07	0.114054311588382	0.663	0.648	0.0046694376924537	c4	SERP1
1.4926253993252e-07	0.577440362253276	0.08	0.062	0.00500596706425686	c4	NOTCH2
1.74913343103919e-07	0.206375453523555	0.492	0.467	0.00586624370101924	c4	UCP2
1.76149355995078e-07	2.04415348452603	0.004	0.001	0.00590769710136292	c4	LOXL1
1.78951640352347e-07	0.619827952193279	0.059	0.044	0.00600168011413702	c4	SMPD2
1.79766087908564e-07	0.403069360875779	0.135	0.113	0.00602899505627743	c4	RPA1
1.84148054279469e-07	0.391061818009558	0.152	0.129	0.00617595744442483	c4	RHBDF2
1.85021805257169e-07	0.612075856220748	0.074	0.056	0.00620526130471493	c4	AGPAT4
1.85270346618053e-07	0.198696219820688	0.406	0.386	0.00621359688487626	c4	ILK
1.96572586224612e-07	1.53484401014466	0.013	0.006	0.00659265139680104	c4	DENND5A
1.97562324278861e-07	0.249675392240159	0.342	0.317	0.00662584523166444	c4	STAT4
2.16475431032639e-07	2.34292946812363	0.003	0.001	0.00726015300597265	c4	FHL1
2.20631620737627e-07	0.539792627634991	0.086	0.068	0.00739954329629852	c4	EIF5A2
2.30040380474305e-07	0.14143752891138	0.532	0.51	0.00771509428034724	c4	KRAS
2.56110803792502e-07	0.565973636761131	0.076	0.059	0.00858944413759293	c4	IMPDH1
2.59245375781641e-07	1.3038678926674	0.01	0.004	0.00869457141296466	c4	GDPD5
2.78201702836601e-07	1.18626871486856	0.006	0.002	0.00933032870973394	c4	TRBV23-1
2.79066972452537e-07	1.38215739110309	0.011	0.005	0.00935934812211317	c4	CCDC40
2.80647648651182e-07	2.87260416726404	0.001	0	0.00941236084046333	c4	IL13RA1
2.88938557303103e-07	0.68118910892296	0.046	0.032	0.00969042133483148	c4	MPI
3.053522116887e-07	3.68683814369445	0.001	0	0.0102409024756156	c4	TCEAL2
3.09187759486077e-07	0.115593503195724	0.524	0.5	0.010369539077644	c4	ERH
3.10813909843407e-07	0.592847090340848	0.045	0.031	0.0104240769083282	c4	ENPP4
3.19866188563136e-07	0.158819946406296	0.446	0.426	0.0107276722320305	c4	PSMD2
3.23678246850319e-07	0.108540815533169	0.679	0.658	0.010855521042866	c4	UQCR10
3.26679486183552e-07	1.60621379955944	0.007	0.003	0.010956176607624	c4	PACSIN1
3.6575332499247e-07	0.281497427957683	0.266	0.244	0.0122666350135975	c4	LSM5
3.96313181243435e-07	0.120041759934993	0.443	0.412	0.0132915514725423	c4	PIM1
4.16559972137774e-07	0.702557455124887	0.028	0.018	0.0139705883455567	c4	LIPT1
4.7182484663456e-07	0.563873996536216	0.056	0.041	0.0158240617064299	c4	RAPGEF2
5.26291530675443e-07	0.561058846320051	0.062	0.047	0.017650765355793	c4	SIMC1
5.31029447587631e-07	0.176983904147069	0.453	0.437	0.017809665613194	c4	SCAF11
5.48587222229349e-07	1.12280472588682	0.02	0.012	0.0183985182591279	c4	AC004585.1
5.84658952957791e-07	1.51120584077632	0.008	0.003	0.0196082919642984	c4	BTBD19
5.88931805567468e-07	2.42070390297169	0.003	0.001	0.0197515948951217	c4	AL355581.1
5.96074122850321e-07	0.71407578629047	0.023	0.014	0.0199911339321541	c4	PLXDC1
6.00473719437498e-07	1.11148280551781	0.015	0.008	0.0201386876024948	c4	HVCN1
6.09842153902873e-07	1.00943164868797	0.013	0.007	0.0204528861575946	c4	ZNF483
7.51255701761575e-07	0.37818601195839	0.145	0.124	0.0251956137256797	c4	ORAI2
7.82169862585786e-07	0.440928941231671	0.117	0.097	0.0262324128514021	c4	POU2F2
8.00259731219417e-07	3.57068529525904	0.001	0	0.0268391108656368	c4	ABCA1
8.01218576660552e-07	3.2796024878419	0.001	0	0.0268712686240416	c4	SCRN1
8.95518050461348e-07	0.218793853643628	0.304	0.279	0.0300338843763727	c4	P2RY10
9.15938569963841e-07	0.642451784348165	0.035	0.024	0.0307187477594473	c4	IFIT2
9.5203799277636e-07	0.229022261130981	0.302	0.281	0.0319294502017336	c4	SLC10A3
1.04288747095656e-06	0.724439575622412	0.045	0.032	0.034976360000941	c4	AC008555.5
1.0709515129821e-06	0.643917673266623	0.03	0.02	0.0359175718423937	c4	TMEM150A
1.07384393740412e-06	0.134643248494979	0.507	0.486	0.0360145779726593	c4	NDUFB9
1.09097580143802e-06	0.665254190693295	0.04	0.028	0.0365891464286283	c4	RERE
1.09155147934109e-06	2.48883092627559	0.002	0	0.0366084535141416	c4	RGMB
1.21525674277215e-06	1.40226025163025	0.004	0.001	0.0407572806390923	c4	FCER1G
1.23480836232932e-06	0.369385823796195	0.134	0.113	0.0414130028558007	c4	ISCA2
1.24559019353971e-06	0.432249079490287	0.049	0.035	0.0417746039109346	c4	TRBV4-1
1.35456742564266e-06	1.10495342217124	0.014	0.007	0.0454294823212035	c4	CMTM8
1.37902007266734e-06	0.344635302726217	0.086	0.068	0.0462495751971174	c4	TGFBR3
1.45639637919125e-06	1.63462682610201	0.004	0.001	0.0488446217653162	c4	AC099489.1
1.46061523750932e-06	1.67391401244609	0.003	0.001	0.0489861138355876	c4	SYCE1
