p_val	avg_log2FC	pct.1	pct.2	p_val_adj	cluster	gene
0	1.23967417122622	0.731	0.416	0	c1	SLA2
0	1.07614465030323	0.645	0.383	0	c1	PRF1
0	1.1836186472654	0.599	0.354	0	c1	CHST12
0	0.672055969514124	0.785	0.549	0	c1	GZMH
0	0.882194668081818	0.764	0.537	0	c1	CREM
0	0.729293117205092	0.827	0.602	0	c1	GZMB
0	0.9914722356173	0.929	0.713	0	c1	CST7
0	0.934571614287694	0.545	0.334	0	c1	GGA2
0	0.775609949660536	0.822	0.613	0	c1	DUSP2
0	0.969360762209337	0.921	0.715	0	c1	NKG7
0	1.25327734385767	0.54	0.334	0	c1	VCAM1
0	0.829568984870947	0.802	0.603	0	c1	SH2D2A
0	0.456146807723888	0.93	0.808	0	c1	DUSP4
0	0.493426021205964	0.991	0.923	0	c1	CCL5
1.48956844779092e-292	1.41155027239883	0.27	0.119	4.99571466020118e-288	c1	HAVCR2
3.41332093816787e-281	1.03826708808568	0.39	0.211	1.14475957624274e-276	c1	VPS37B
1.19731660117023e-275	0.804513718769767	0.645	0.453	4.01556041700473e-271	c1	CXCR6
3.43145635007271e-262	0.796711851269843	0.607	0.423	1.15084183068738e-257	c1	LAG3
4.2615942424065e-261	1.8435707331885	0.16	0.054	1.42925347701829e-256	c1	HMOX1
2.09538639290402e-256	0.822835025525579	0.627	0.452	7.0275068845215e-252	c1	TNFRSF9
5.93681277658709e-253	0.434936412737418	0.956	0.887	1.99108826901178e-248	c1	LDHA
2.28247472153635e-251	0.60403648762096	0.741	0.575	7.6549637210886e-247	c1	SYTL3
5.53077301186442e-247	0.797192730323818	0.442	0.258	1.85491065271909e-242	c1	ZNF331
1.10489742526914e-237	0.715682624743893	0.544	0.358	3.70560498486763e-233	c1	DDIT4
1.01181389798609e-235	0.415055318056451	0.952	0.919	3.39342145106575e-231	c1	CD7
2.51469562748254e-235	0.43130957465093	0.937	0.885	8.43378619545093e-231	c1	CD8A
1.50067752204333e-232	2.16090886173714	0.159	0.058	5.03297227342892e-228	c1	KRT86
1.55636739160806e-229	1.31525427972914	0.296	0.155	5.21974495797512e-225	c1	ACP5
1.60144133184013e-229	0.834123942288783	0.464	0.291	5.37091393872544e-225	c1	TENT5C
2.78987456786502e-222	0.778561446943051	0.552	0.383	9.35668132570572e-218	c1	PDCD1
2.4013583618818e-217	0.739873254967237	0.669	0.524	8.05367567407918e-213	c1	LITAF
3.32235171417433e-215	1.02613868873304	0.31	0.165	1.11425031789979e-210	c1	METRNL
6.67860644684664e-204	0.296776975115865	0.987	0.97	2.23987103014343e-199	c1	OAZ1
4.03231662260956e-196	0.161077508649939	1	1	1.35235834889079e-191	c1	HLA-B
2.10372575178436e-194	0.739243108725013	0.52	0.347	7.05547542633438e-190	c1	GZMK
1.81554200084187e-176	0.483376421400766	0.737	0.606	6.08896476242346e-172	c1	TUBA4A
9.40904863424761e-173	0.43422977772579	0.83	0.721	3.15560673095396e-168	c1	LEPROTL1
1.21349846219969e-168	0.550543866228885	0.647	0.501	4.06983114252531e-164	c1	TNFRSF1B
3.44884078998949e-167	0.175632445704338	1	0.999	1.15667222414667e-162	c1	HLA-A
6.40959690572915e-167	0.907961495734979	0.26	0.137	2.14965061024344e-162	c1	AC243829.4
2.64157736408266e-165	0.506874654258735	0.68	0.536	8.85932216366044e-161	c1	STAT5A
3.99226222886481e-165	0.478155862412249	0.748	0.626	1.33892490631668e-160	c1	SLC7A5
7.40397456461787e-162	0.52504342217904	0.659	0.52	2.48314498948154e-157	c1	RUNX3
3.19361201339881e-161	0.751118617436885	0.47	0.328	1.07107359705369e-156	c1	GALNT2
2.66807395343771e-156	0.832482730885777	0.414	0.282	8.94818642503939e-152	c1	CARD16
3.97572292232536e-155	1.2259027754772	0.207	0.105	1.33337795368948e-150	c1	TSC22D1
1.82570875923779e-150	0.577177567182509	0.543	0.4	6.12306203673171e-146	c1	PPP1R16B
3.00728114336035e-150	0.889053684717415	0.33	0.206	1.00858194986019e-145	c1	IGFLR1
1.19945474437981e-148	0.550492554243795	0.629	0.498	4.02273132170102e-144	c1	AKNA
9.29405009826834e-148	1.15033232000287	0.196	0.098	3.11703852195724e-143	c1	ADGRG1
1.16636250195587e-147	0.861385627959662	0.34	0.215	3.91174655905959e-143	c1	PACSIN2
2.75377470594681e-147	0.857263779768867	0.334	0.209	9.23560960880441e-143	c1	ABI3
4.41520220494456e-146	0.546374630842656	0.576	0.438	1.48077051549431e-141	c1	APMAP
4.8910499242555e-138	0.34589239189981	0.924	0.825	1.64036032359681e-133	c1	HLA-DRB1
3.20690422066788e-137	0.513179117142801	0.592	0.458	1.07553153752759e-132	c1	SYAP1
2.97175963709721e-134	0.630353353698671	0.499	0.37	9.96668747089661e-130	c1	SEC14L1
2.1542110130973e-133	0.928581578642743	0.246	0.14	7.22479289572573e-129	c1	WIPF3
9.38269447545201e-133	0.479733991799122	0.713	0.607	3.14676807317709e-128	c1	PPM1G
1.10102628577781e-131	0.707931017910274	0.428	0.303	3.69262195724161e-127	c1	CEMIP2
3.17958594720962e-129	0.30982609742458	0.93	0.883	1.06636953497516e-124	c1	SQSTM1
5.07123221066589e-128	1.65655847417496	0.148	0.07	1.70078985881313e-123	c1	ZBED2
1.16230569583832e-127	0.619682511183117	0.522	0.397	3.89814084270257e-123	c1	ISG15
7.41113231199197e-126	0.565732869191339	0.509	0.38	2.48554555479587e-121	c1	PTMS
1.18852736837553e-117	0.631431873911985	0.464	0.345	3.98608308805785e-113	c1	IQGAP2
4.92170208391503e-117	1.32005172392454	0.279	0.175	1.65064044490342e-112	c1	GNLY
1.0591574813765e-116	0.738540375729244	0.33	0.218	3.5522023610405e-112	c1	GALNT11
1.32284366566126e-115	0.432489191054384	0.56	0.424	4.43655308589475e-111	c1	CD27
4.9936871310857e-113	0.792517076387153	0.292	0.187	1.67478279002352e-108	c1	AKAP5
5.45669110781046e-113	0.337556342686598	0.901	0.84	1.83006506373747e-108	c1	PGK1
8.25686778332404e-113	0.394366894837179	0.768	0.648	2.76918831717122e-108	c1	HLA-DQA1
1.43434567027416e-112	0.880118466003821	0.248	0.15	4.81050850896548e-108	c1	BANP
1.83350442733648e-112	0.390410621302741	0.678	0.56	6.1492071484011e-108	c1	HMGB2
8.37151671731532e-111	0.295882692891344	0.843	0.767	2.80763927665321e-106	c1	CXCR4
1.48243756208581e-110	0.322725513050775	0.814	0.73	4.97179909572339e-106	c1	SRSF2
1.70920412111791e-110	0.380528074173973	0.738	0.643	5.73232878140523e-106	c1	EMD
1.36365329312462e-109	0.715334229624176	0.337	0.228	4.57342041448134e-105	c1	CCND2
1.00947702707605e-107	0.492760876060594	0.671	0.572	3.38558405340765e-103	c1	RALA
1.68537010934692e-105	0.424106300205532	0.714	0.624	5.65239427272769e-101	c1	STAT3
3.9879921108016e-105	1.25011847128133	0.14	0.069	1.33749279412064e-100	c1	ZBTB32
3.80196884546506e-103	0.218780872420435	0.996	0.994	1.27510431139207e-98	c1	TMSB4X
7.47997690235714e-103	0.387495525007276	0.66	0.548	2.50863465351254e-98	c1	GSPT1
7.42994091518712e-100	0.957750791627068	0.231	0.143	2.49185358413546e-95	c1	MCM5
2.65755843631085e-99	0.372684040252077	0.692	0.585	8.91291948369934e-95	c1	HNRNPUL1
7.47227090649919e-99	0.80630144688654	0.271	0.176	2.5060502166217e-94	c1	U2AF1L4
2.91639531502699e-98	0.266549422043825	0.966	0.935	9.78100660753753e-94	c1	FTL
2.39025100007824e-94	0.8418942128971	0.227	0.139	8.01642380406241e-90	c1	DUSP16
5.50396345769277e-93	1.09521181906736	0.142	0.074	1.845919264441e-88	c1	ZDBF2
4.59689649124835e-92	0.432667868202716	0.656	0.569	1.54170714523487e-87	c1	ATP1B3
4.00231473321549e-91	0.437457159603845	0.723	0.647	1.34229631522581e-86	c1	SAMSN1
1.85283281747278e-90	0.644958830263977	0.332	0.233	6.21403070324022e-86	c1	CMIP
3.34211129425532e-90	0.133049818375325	1	0.999	1.12087728586735e-85	c1	RPS26
4.41241391346207e-86	0.470161651446984	0.521	0.426	1.47983537829691e-81	c1	RIC8A
1.15103214324755e-85	0.401055810687625	0.603	0.498	3.86033160202363e-81	c1	TSPYL2
1.49557110311288e-85	0.478040816194099	0.487	0.382	5.01584636561998e-81	c1	SERPINB9
4.06453261638346e-85	1.17937307465897	0.092	0.04	1.36316294888268e-80	c1	ENC1
9.097645773551e-85	1.14622129523886	0.121	0.061	3.05116843953353e-80	c1	TMEM9
1.11661745116386e-84	0.495485104052985	0.445	0.333	3.74491160771334e-80	c1	ITM2C
3.04783343710207e-83	0.460329765590115	0.548	0.452	1.02218237813529e-78	c1	SRRT
8.25400148497267e-83	1.00296999199235	0.157	0.089	2.76822701803013e-78	c1	SLC27A2
1.23784065115851e-82	0.419024377632811	0.559	0.456	4.15146997585541e-78	c1	PDE3B
2.06405546604312e-82	0.233117922781866	0.845	0.747	6.92242922201542e-78	c1	APOBEC3G
2.55838529417499e-82	0.724028146409051	0.235	0.15	8.58031259960407e-78	c1	WHRN
2.57694804027384e-80	0.323358494058767	0.681	0.574	8.64256833747039e-76	c1	PSMB9
2.94772104942704e-80	1.03198446848498	0.14	0.076	9.88606685556842e-76	c1	DUSP5
1.33827255820726e-78	0.234007962181055	0.839	0.773	4.4882985057155e-74	c1	SRSF7
6.6855282884776e-78	0.846812121086704	0.244	0.164	2.24219247738962e-73	c1	SNAP47
6.88443955196116e-77	0.95188669161409	0.145	0.081	2.30890333693673e-72	c1	CCR5
1.55794842754185e-76	0.336424645317388	0.695	0.607	5.22504743628987e-72	c1	RARRES3
2.02877798387668e-76	0.494704719471616	0.396	0.297	6.80411560232562e-72	c1	TNFSF10
2.23819747836169e-75	0.533054207258055	0.344	0.248	7.50646670292942e-71	c1	SYTL2
2.60681229796078e-75	0.236011979791963	0.855	0.793	8.74272708490087e-71	c1	DDX24
4.20699934510429e-75	0.353499152125814	0.61	0.519	1.41094344036108e-70	c1	NAPA
9.48110146658134e-75	0.58716545817535	0.378	0.289	3.17977180986205e-70	c1	CARHSP1
3.64440951776078e-74	1.31819802213301	0.067	0.027	1.22226206406661e-69	c1	PIK3AP1
6.11640747658076e-74	0.724883990317451	0.229	0.151	2.05132073949566e-69	c1	SLC2A8
8.91735174819795e-74	0.633957795073776	0.301	0.215	2.99070142931063e-69	c1	TSEN54
1.1042868766216e-73	0.444502588681146	0.489	0.395	3.70355732681351e-69	c1	STARD7
1.45407681289249e-73	0.30190863023159	0.726	0.607	4.87668281507882e-69	c1	HLA-DRA
6.10598180097381e-72	0.638444893504222	0.313	0.226	2.0478241764106e-67	c1	APLP2
5.38647132273049e-71	0.60681650761572	0.286	0.201	1.80651475221735e-66	c1	PRKCQ
1.51098025531026e-70	0.292849636288233	0.508	0.387	5.06752558025955e-66	c1	GZMA
8.84659616981903e-68	1.31669790591468	0.07	0.03	2.9669714234339e-63	c1	HES4
1.19995559201611e-67	0.100569789368987	1	0.999	4.02441106450364e-63	c1	HLA-C
2.46978160310761e-67	2.01570579296595	0.04	0.013	8.28315354050231e-63	c1	PMCH
5.78423414444447e-67	0.940887178643194	0.135	0.077	1.93991644736379e-62	c1	CHPT1
1.11974969726207e-66	0.243205828707036	0.841	0.746	3.75541653467754e-62	c1	HLA-DRB5
2.01217300236374e-66	0.532577821822215	0.366	0.28	6.74842581532751e-62	c1	PIK3R1
1.37998308082606e-65	0.360903318730411	0.35	0.26	4.62818725647445e-61	c1	GEM
1.39403564987536e-65	0.474289557048373	0.382	0.291	4.675316762552e-61	c1	PRKX
3.79545018531208e-64	0.702538284590809	0.221	0.149	1.27291808314997e-59	c1	SSH1
5.97892543079446e-64	0.713390817531393	0.263	0.187	2.00521201097985e-59	c1	TERF1
5.97498248559356e-63	0.160147674565618	0.997	0.991	2.00388962601837e-58	c1	GAPDH
1.13185355878691e-62	1.49605000030452	0.05	0.019	3.79601046545954e-58	c1	TMEM155
7.75294775458811e-62	1.20295123338988	0.073	0.033	2.60018361793376e-57	c1	CSF1
1.00615840437548e-61	0.217801973819582	0.86	0.795	3.37445405659449e-57	c1	SLC3A2
1.47372229901215e-61	2.03996983171846	0.027	0.007	4.94256984642694e-57	c1	ADTRP
1.59218655772306e-61	0.152967196002903	0.984	0.956	5.3398752772916e-57	c1	CD74
1.91886910712805e-61	0.233165158323094	0.8	0.703	6.43550321148607e-57	c1	HLA-DPA1
2.60815294581551e-61	0.337100289951202	0.682	0.606	8.74722334967607e-57	c1	PRDX6
3.12002497990204e-61	0.267127602309412	0.736	0.654	1.04639397775955e-56	c1	PIM3
4.7553755971072e-61	0.36859210735389	0.527	0.439	1.59485786775781e-56	c1	USP11
9.93196250099535e-61	0.350706037148933	0.735	0.671	3.33098158358382e-56	c1	IFITM2
1.35815058166117e-60	0.308390819906025	0.684	0.61	4.55496542077524e-56	c1	NAP1L4
2.04692408273171e-60	0.249360663481132	0.788	0.692	6.86497398866561e-56	c1	HLA-DPB1
2.22500721512905e-60	0.461972108908717	0.405	0.319	7.46222919809979e-56	c1	SLC16A3
7.10959986124335e-60	0.122430428486235	0.996	0.989	2.38441760146379e-55	c1	SRGN
1.27418227739388e-59	1.76328919803655	0.035	0.011	4.2733525219236e-55	c1	KIR2DL4
1.58804648147062e-59	0.564403670233882	0.323	0.244	5.32599028955618e-55	c1	PLEKHA2
1.67216062545119e-59	0.222970381614143	0.837	0.775	5.60809230563821e-55	c1	TGFB1
2.80393033223523e-59	0.87529138436508	0.127	0.073	9.40382154825053e-55	c1	RYR2
5.37716137117126e-59	0.542056271579382	0.297	0.219	1.80339238066342e-54	c1	GPR65
1.07358679987709e-58	0.400811294745205	0.639	0.568	3.6005954094278e-54	c1	SYNGR2
3.40581760402579e-58	0.196736130194246	0.856	0.808	1.14224310803817e-53	c1	ATP6V0C
1.23688432849783e-57	0.690441460529213	0.212	0.144	4.14826266091604e-53	c1	IL9R
3.48447043798861e-57	0.639856061387623	0.295	0.222	1.16862169549262e-52	c1	SPN
2.00782458650599e-56	0.294153008203077	0.639	0.552	6.73384209822377e-52	c1	CTSW
2.12353336418389e-56	0.643320267807978	0.215	0.147	7.12190619679994e-52	c1	POLR3E
3.99493403446645e-56	0.294574859340224	0.833	0.789	1.33982097647936e-51	c1	ISG20
8.21223157112878e-55	0.291354858399621	0.717	0.65	2.75421822432517e-50	c1	CLEC2D
2.55036028452302e-54	0.288916583578779	0.621	0.543	8.55339832223331e-50	c1	NOP58
2.81407144089012e-54	0.295449214473882	0.638	0.558	9.43783279845729e-50	c1	ARHGAP9
5.3238164676533e-53	0.676785318642168	0.198	0.134	1.78550156692156e-48	c1	PRR5L
1.13741369403921e-52	0.47166668949254	0.408	0.331	3.81465804706872e-48	c1	LINC01871
2.11440603152093e-52	1.16234633428843	0.08	0.041	7.0912949485149e-48	c1	RDH10
1.17635267660744e-51	0.34459607744141	0.419	0.338	3.94525160680602e-47	c1	CTLA4
1.35804165323583e-51	0.439369669234946	0.33	0.252	4.55460009662233e-47	c1	PDE4B
1.38141322946833e-50	0.43343519863817	0.517	0.446	4.63298368899089e-46	c1	CARS
3.25614937635588e-50	0.526713288591511	0.268	0.197	1.09204737784223e-45	c1	FAM53B
4.77538120627116e-50	0.363728194154088	0.523	0.451	1.60156734895922e-45	c1	PSMD13
1.5644663345404e-49	0.557048959829062	0.202	0.138	5.24690719278158e-45	c1	ATG2A
4.53183036951669e-49	0.313766310091384	0.562	0.482	1.51988526932851e-44	c1	OASL
1.62638625589716e-48	0.393018384774444	0.446	0.369	5.45457422502791e-44	c1	CNN2
3.73172982175884e-48	0.252451083823249	0.722	0.654	1.25154754762148e-43	c1	WIPF1
3.84884676322588e-48	0.723858431667355	0.15	0.097	1.2908262274507e-43	c1	FOSL2
4.90263275376078e-48	0.242895668399207	0.809	0.753	1.64424497295629e-43	c1	CALR
7.69454110780382e-48	0.144671697229241	0.952	0.922	2.58059519673524e-43	c1	SUMO2
9.57771966947821e-48	0.275807659962335	0.577	0.499	3.2121756227496e-43	c1	CSNK1D
1.16976334080935e-47	0.334178017489145	0.516	0.438	3.92315229240639e-43	c1	NINJ1
1.43010322223656e-47	0.173897370572916	0.91	0.857	4.79628018673698e-43	c1	CYBA
4.27570942555312e-47	0.429589474515732	0.337	0.264	1.43398742714201e-42	c1	TRPC4AP
7.6877683014496e-47	1.08402204082281	0.074	0.039	2.57832373294017e-42	c1	PDE4A
1.51002477916696e-46	0.116033789039613	0.967	0.931	5.06432110437014e-42	c1	ACTG1
4.16968526941648e-46	1.02563438459405	0.082	0.045	1.3984290456569e-41	c1	FAM83D
8.37857586462897e-46	0.207321707943632	0.9	0.854	2.81000677347926e-41	c1	IFITM1
4.82417930584858e-45	0.453495400882313	0.337	0.269	1.6179332555955e-40	c1	RANGAP1
1.15748829175278e-44	0.484953634827628	0.284	0.218	3.88198423288046e-40	c1	GTF3C1
1.57513623906395e-44	0.238926968407415	0.839	0.767	5.28269191857266e-40	c1	MT2A
2.99746030156005e-44	0.155895869066547	0.858	0.815	1.00528823593721e-39	c1	ZFP36
4.73269614959846e-44	0.374697988853466	0.402	0.33	1.58725163465233e-39	c1	SIRT2
4.84977852525551e-44	0.288339935701465	0.793	0.74	1.62651872180019e-39	c1	SAT1
6.89693552251483e-44	0.256651449684637	0.568	0.491	2.31309423554102e-39	c1	BCL3
1.64576686771448e-43	0.347663804529092	0.416	0.34	5.51957292094082e-39	c1	BICDL1
1.9954914008598e-43	1.02342474546864	0.078	0.043	6.69247906020359e-39	c1	KLRC3
4.98290088040639e-43	0.272923179262856	0.667	0.592	1.67116529727069e-38	c1	HLA-DQB1
1.30668867204549e-42	0.61708471259309	0.178	0.124	4.38237246830615e-38	c1	RHBDF2
2.09232395267381e-42	0.711260360969421	0.18	0.126	7.01723607247742e-38	c1	LMNB1
2.22133988621532e-42	0.450125096119262	0.279	0.213	7.44992971038895e-38	c1	APOL6
1.4709986427482e-41	1.07067010984509	0.054	0.026	4.9334352480489e-37	c1	NLRP6
1.49644781879772e-41	0.327854341165517	0.442	0.369	5.01878669468379e-37	c1	LYST
1.72702042242055e-41	0.319372011582375	0.439	0.365	5.79208109271404e-37	c1	NUP98
2.32408470986697e-41	0.104698648574876	0.457	0.381	7.79451529995184e-37	c1	RGS1
5.13867405835332e-41	0.77462654014654	0.113	0.07	1.72340850569054e-36	c1	IKZF2
1.19311750694282e-40	0.303621942958218	0.445	0.372	4.00147749478482e-36	c1	LBH
1.20030507057099e-39	0.43095944465985	0.356	0.292	4.02558314568098e-35	c1	UBE2E3
2.06452386205205e-39	1.32675708432422	0.056	0.028	6.92400012855017e-35	c1	TRGV2
1.49754596603689e-38	2.0485917817468	0.019	0.005	5.02246966089453e-34	c1	AL391056.1
2.32992155859485e-38	0.437661810027423	0.303	0.24	7.81409092321541e-34	c1	RASGRP1
8.95641154676628e-38	1.41377522765212	0.031	0.012	3.00380130455448e-33	c1	MYO5B
2.23850344937218e-37	2.42439850273321	0.014	0.003	7.50749286850442e-33	c1	CBFA2T3
3.33013936382399e-37	0.301161624929657	0.489	0.422	1.11686213983929e-32	c1	MAP2K3
3.70582475228749e-37	0.193290139448555	0.766	0.711	1.24285950542218e-32	c1	SNU13
3.71128652569658e-37	0.168266801997746	0.728	0.667	1.24469127498812e-32	c1	SELENOK
5.15463885495923e-37	0.300027183098923	0.427	0.358	1.72876277917623e-32	c1	STAT5B
9.50050314901721e-37	0.248757463668215	0.621	0.561	3.18627874611739e-32	c1	SURF4
1.07159894401731e-36	0.439642950782039	0.234	0.175	3.59392853844527e-32	c1	PRDM1
1.35333074205931e-36	0.703610965588119	0.111	0.07	4.53880064271851e-32	c1	PLCXD2
2.19181918775769e-36	0.279981540075553	0.572	0.511	7.35092319190173e-32	c1	CD247
4.83958304528463e-36	0.981546419067822	0.07	0.039	1.62309936172756e-31	c1	GNGT2
6.84420401614683e-36	0.496453119098838	0.213	0.158	2.29540914293533e-31	c1	MTFP1
9.29379582369958e-36	0.149917554791191	0.89	0.836	3.11695324335237e-31	c1	CD3D
1.35128039146177e-35	0.885903271331519	0.095	0.058	4.53192417688448e-31	c1	CD38
2.65580102475412e-35	0.272998118246839	0.522	0.462	8.90702547682036e-31	c1	LAPTM4A
2.7037634375645e-35	0.267167431487158	0.494	0.426	9.06788181690382e-31	c1	PDCL3
2.94953530017522e-35	0.172097542067269	0.836	0.79	9.89215148972764e-31	c1	FYN
4.56493036710184e-35	0.718162405440293	0.132	0.09	1.53098634651861e-30	c1	BLVRB
6.66469612693981e-35	1.12328076492126	0.064	0.035	2.23520578705307e-30	c1	ATP8B4
7.00966969261493e-35	0.372627067654866	0.36	0.297	2.3509030215092e-30	c1	IL21R
7.72410058079515e-35	0.384320198348085	0.283	0.222	2.59050885278708e-30	c1	MAP1LC3A
9.83202840754838e-35	0.541456710291581	0.266	0.21	3.29746568732357e-30	c1	CMC1
1.57725927624845e-34	0.503346761665028	0.222	0.168	5.28981216068206e-30	c1	MEF2D
5.23345465264861e-34	0.298329032276756	0.427	0.36	1.75519602140529e-29	c1	CTSC
8.65497242137355e-34	0.423345645797667	0.266	0.208	2.90270465068026e-29	c1	KDM2B
1.16248646046388e-33	0.385266889462552	0.273	0.214	3.89874709110375e-29	c1	TNFRSF18
1.70973729007149e-33	0.298861970967429	0.421	0.356	5.73411692344176e-29	c1	CNOT6L
2.13724114382651e-33	0.308124493676048	0.567	0.508	7.16787934816536e-29	c1	HLA-DQA2
2.33298689378695e-33	0.419957498249135	0.262	0.206	7.82437144438267e-29	c1	BAK1
2.64458177047524e-33	0.17593426516405	0.857	0.804	8.86939834181987e-29	c1	COTL1
3.48406271186585e-33	1.57566645704755	0.03	0.012	1.16848495230557e-28	c1	BARX2
4.62004731084665e-33	0.543303643974682	0.226	0.174	1.54947146711175e-28	c1	CRELD2
5.93231864739227e-33	0.223800004398598	0.607	0.538	1.98958102796242e-28	c1	SELPLG
5.98103001956982e-33	0.227609185609277	0.621	0.565	2.00591784796333e-28	c1	RHBDD2
9.054428531004e-33	0.495738711999774	0.215	0.163	3.03667424072812e-28	c1	SPTBN1
1.37175744091724e-32	1.03041308990887	0.052	0.027	4.60060010534825e-28	c1	SERP2
2.1696170013162e-32	0.189424067361032	0.804	0.75	7.27646149901426e-28	c1	MYH9
2.30834072790808e-32	0.481574444137722	0.264	0.209	7.74171313325813e-28	c1	SLC1A4
2.38587076235079e-32	0.156161010085788	0.798	0.716	8.00173336277208e-28	c1	LSP1
2.4463093046998e-32	0.237178087709513	0.531	0.46	8.20443214610217e-28	c1	JAML
5.5070294780593e-32	0.161755330584907	0.838	0.792	1.84694754635153e-27	c1	NDUFS5
8.16554600015113e-32	0.291383950582766	0.425	0.363	2.73856081753069e-27	c1	SEPT9
9.84054897865199e-32	0.173049377333548	0.734	0.681	3.3003233164603e-27	c1	RABAC1
1.15362119968019e-31	0.240835001583115	0.462	0.392	3.86901477948741e-27	c1	BHLHE40
1.42673523536339e-31	1.06479044483806	0.075	0.045	4.78498463236175e-27	c1	FANCA
1.4936182624927e-31	0.400016237973108	0.275	0.219	5.00929692874802e-27	c1	RBM38
2.65029296267545e-31	0.195100977157715	0.686	0.63	8.88855253822092e-27	c1	CD6
3.01289488284154e-31	0.245523252757592	0.615	0.564	1.0104646858074e-26	c1	RAB5IF
3.86034631112175e-31	0.179088841665882	0.634	0.574	1.29468294582401e-26	c1	IRF1
5.3120146180895e-31	0.795856743663345	0.077	0.046	1.78154346261486e-26	c1	TRGC2
6.10031574894945e-31	0.21311179749095	0.629	0.573	2.04592389588267e-26	c1	BUB3
8.43806742328444e-31	2.17931459828624	0.014	0.004	2.82995905242114e-26	c1	KIR3DL1
8.76071607418337e-31	0.625619273104982	0.175	0.13	2.93816895695962e-26	c1	POLR1E
1.48174795669271e-30	0.286186712074737	0.424	0.364	4.96948629715602e-26	c1	ZBTB1
1.88742455288217e-30	0.229673522941648	0.564	0.506	6.33004446545622e-26	c1	NRBP1
2.09179384889434e-30	0.203089230316662	0.651	0.597	7.01545821042184e-26	c1	TERF2IP
2.32068700288703e-30	0.27391263076111	0.417	0.356	7.78312007028252e-26	c1	GNL1
2.48233797179857e-30	0.340075460183482	0.329	0.27	8.32526508981806e-26	c1	TRAF4
2.56629740294368e-30	1.71342849925211	0.019	0.006	8.60684822999251e-26	c1	DTX1
2.69264897929969e-30	0.832452833710934	0.075	0.045	9.03060614677529e-26	c1	AC010616.1
3.12627957103121e-30	0.420340165978345	0.2	0.15	1.04849164253245e-25	c1	TOM1
4.06514700496639e-30	0.350432655082632	0.329	0.272	1.36336900252563e-25	c1	AHI1
4.38286502861844e-30	0.373639006744615	0.282	0.226	1.46992527329805e-25	c1	NUMA1
4.87004360076823e-30	0.75697705264407	0.087	0.055	1.63331522282565e-25	c1	AD000671.2
4.98585227770291e-30	0.52837712066929	0.113	0.075	1.672155136896e-25	c1	DKK3
9.78125092152816e-30	0.390409246374277	0.225	0.173	3.28043593406211e-25	c1	FASLG
1.35378370598197e-29	0.411356905683736	0.198	0.148	4.54031979312232e-25	c1	SLAMF7
1.39131049111063e-29	0.218018427701053	0.593	0.539	4.66617712508684e-25	c1	SLC38A1
1.60279680377309e-29	0.462905905862965	0.241	0.19	5.3754599204942e-25	c1	ASXL2
1.67194924395914e-29	0.128753707150877	0.897	0.857	5.60738337439017e-25	c1	PSMA7
2.32298319728349e-29	0.529311674577478	0.196	0.149	7.79082104704938e-25	c1	CMTM7
6.03335227588097e-29	0.295502298010798	0.416	0.357	2.02346568628496e-24	c1	PDE4D
7.15939640131029e-29	0.216288574635284	0.73	0.673	2.40111836507145e-24	c1	TRBC2
7.78455688362946e-29	0.222660223019105	0.507	0.443	2.61078468763165e-24	c1	DCXR
1.23993282775373e-28	0.50139117596362	0.144	0.103	4.15848671772045e-24	c1	ITPRIP
1.69226276706031e-28	0.138800488498542	0.913	0.88	5.67551086816687e-24	c1	YWHAB
1.95086381492285e-28	0.214141033258138	0.57	0.508	6.54280706248825e-24	c1	LPXN
2.59192956445149e-28	0.149980853825348	0.78	0.726	8.6928133732574e-24	c1	TAP1
2.78621557747218e-28	1.04416523577282	0.06	0.034	9.34440980372619e-24	c1	TRGV9
3.27172595433858e-28	0.660309278811771	0.137	0.098	1.09727145056607e-23	c1	OAS1
3.60802903752564e-28	1.75844179985258	0.016	0.005	1.21006077860535e-23	c1	TLL1
3.63510641588673e-28	0.605890894208102	0.19	0.146	1.21914198976009e-23	c1	TNFSF4
4.48492139066941e-28	0.295016955268419	0.367	0.312	1.50415293600271e-23	c1	SURF2
4.70158700113376e-28	0.86240441666996	0.055	0.031	1.57681824844024e-23	c1	IGFBP2
5.23110453096187e-28	0.12727999886225	0.856	0.814	1.75440783759399e-23	c1	EDF1
7.52435144837599e-28	0.372716164582675	0.264	0.213	2.52351698875634e-23	c1	USP36
9.07972888284285e-28	0.246847450775718	0.406	0.346	3.04515947272784e-23	c1	KPNA2
1.23782732132819e-27	0.279463991845418	0.399	0.34	4.15142527027049e-23	c1	SUN2
1.62235017406101e-27	0.572653753113414	0.132	0.093	5.44103801376582e-23	c1	PDE7A
1.66979704025845e-27	0.345689577013268	0.342	0.289	5.60016531361879e-23	c1	ZBTB38
1.79894699964416e-27	0.347817413725926	0.318	0.264	6.03330844740658e-23	c1	NBL1
2.02639300865751e-27	1.09983431168655	0.039	0.019	6.79611687243556e-23	c1	MCTP2
2.63986135046489e-27	0.475016595375736	0.171	0.127	8.85356699718914e-23	c1	GTPBP1
2.92360383750659e-27	0.337709706559168	0.309	0.256	9.80518255022961e-23	c1	JOSD1
3.59292435727375e-27	0.230696781234461	0.583	0.528	1.20499497094247e-22	c1	SPTAN1
4.08670844977116e-27	0.292185394243406	0.406	0.351	1.37060027988425e-22	c1	RANBP2
4.25724855774642e-27	0.419125216628556	0.239	0.191	1.42779602129699e-22	c1	PLA2G16
4.9104528578861e-27	1.17915567374974	0.032	0.015	1.64686767947784e-22	c1	RAB38
1.4763725648872e-26	0.615763026637782	0.128	0.091	4.95145830811871e-22	c1	ACSF3
2.23909443679479e-26	0.139524392041227	0.818	0.759	7.50947492212236e-22	c1	CORO1A
6.94666978181267e-26	0.102663373148022	0.98	0.961	2.32977411142433e-21	c1	HNRNPA1
8.96709157139027e-26	0.167409874371261	0.753	0.712	3.00738317121287e-21	c1	SEPT7
1.20106572629154e-25	0.367437240147601	0.297	0.246	4.02813423283656e-21	c1	MX1
1.71723007300844e-25	0.677173612097989	0.101	0.068	5.7592462188557e-21	c1	ABAT
2.42264642590557e-25	0.160812558840645	0.733	0.685	8.12507158320211e-21	c1	GUK1
3.02114381235772e-25	0.250548832300996	0.44	0.384	1.01323121178853e-20	c1	MGAT1
6.58563025100351e-25	0.38382343896192	0.27	0.223	2.20868867358156e-20	c1	MCM6
7.08593901744658e-25	0.702879874688595	0.089	0.059	2.37648222767123e-20	c1	BIK
7.46606881858508e-25	1.81813769554826	0.016	0.006	2.50397016037706e-20	c1	FXYD6
1.14061626984472e-24	0.155213894160194	0.751	0.695	3.82539884580522e-20	c1	HNRNPA3
1.28750120117805e-24	0.170781957435981	0.584	0.525	4.31802152851096e-20	c1	ACTN4
1.36213998420159e-24	0.127849824334001	0.918	0.892	4.5683450790153e-20	c1	CALM2
1.46519055937372e-24	0.179407462564381	0.622	0.565	4.91395609802757e-20	c1	NCOR1
1.68377218736693e-24	1.32101325412279	0.045	0.025	5.64703516199121e-20	c1	TRBV12-4
1.99962709049873e-24	0.28616863991734	0.317	0.265	6.70634933611465e-20	c1	PDE4DIP
2.97378589623436e-24	0.336183371814603	0.313	0.264	9.97348313879079e-20	c1	LRMP
3.44643055996068e-24	0.67955805766402	0.093	0.063	1.15586388119961e-19	c1	AFAP1
3.88956339088166e-24	0.292023418276799	0.389	0.338	1.30448177003389e-19	c1	RFTN1
4.15162106527431e-24	0.245145882340919	0.438	0.386	1.3923706728717e-19	c1	RNF115
5.08218024815589e-24	0.277325239202849	0.385	0.334	1.70446161162652e-19	c1	CNOT2
9.96153855217247e-24	0.793350964632084	0.059	0.036	3.3409007996276e-19	c1	SPAG4
1.00704097308123e-23	0.156116748234824	0.748	0.701	3.37741401551983e-19	c1	CAP1
1.08832737669961e-23	0.228968811692455	0.522	0.474	3.65003235597515e-19	c1	RPS27L
1.10070097299343e-23	0.254013649430537	0.57	0.518	3.69153092322537e-19	c1	TRBC1
1.20144996775726e-23	0.512273888892813	0.11	0.076	4.02942290186431e-19	c1	SIPA1
1.27973308932263e-23	0.170696752150072	0.637	0.578	4.29196883497022e-19	c1	PTPRCAP
1.2981811337139e-23	1.22995388896833	0.02	0.008	4.35383988624967e-19	c1	FAM49A
1.31690793955939e-23	0.345010885700232	0.237	0.19	4.4166458476943e-19	c1	ABHD17A
1.62679896429971e-23	0.729068608175237	0.076	0.049	5.45595836646836e-19	c1	TRIM25
1.63079642686952e-23	1.08653996579813	0.042	0.023	5.46936505643499e-19	c1	ADGRG5
2.41360312395197e-23	0.511793919425248	0.112	0.079	8.09474215711012e-19	c1	RAB11FIP4
3.94031746878277e-23	0.321551315455185	0.357	0.309	1.32150367268037e-18	c1	ABLIM1
5.04703726231725e-23	0.509301758656154	0.196	0.156	1.69267535703596e-18	c1	LAYN
5.05839564410095e-23	0.950297909024309	0.053	0.031	1.69648473111858e-18	c1	CADM1
5.89500202559275e-23	0.238963011472588	0.326	0.274	1.9770657793433e-18	c1	PMAIP1
6.00136830755028e-23	0.785645193638964	0.112	0.08	2.01273890298621e-18	c1	SOX4
6.24029806798583e-23	0.364641982386207	0.234	0.188	2.09287116604109e-18	c1	PTK2B
6.61018825984007e-23	0.587445174576434	0.151	0.114	2.21692493858516e-18	c1	TNS3
7.9099657185394e-23	0.921621300349987	0.071	0.046	2.65284430268374e-18	c1	ST3GAL4
1.12602905166252e-22	0.512294773609449	0.146	0.11	3.77647623346577e-18	c1	TMEM140
1.28646424039327e-22	0.322680259069817	0.254	0.207	4.31454376943095e-18	c1	EIF4EBP1
1.47142460072949e-22	0.1753599632054	0.617	0.567	4.93486382592658e-18	c1	TAX1BP1
1.81847235606298e-22	0.388421872545769	0.218	0.175	6.09879258776403e-18	c1	LINC01943
1.86260660288653e-22	0.409872728872585	0.157	0.118	6.24681002476085e-18	c1	HCG18
2.08805294587659e-22	0.386847961458495	0.199	0.156	7.0029119698809e-18	c1	ABCG1
2.33265709393106e-22	0.201074285477024	0.575	0.533	7.82326536162601e-18	c1	GABARAPL2
2.78793654437177e-22	2.25087934483637	0.01	0.003	9.35018158251404e-18	c1	MCEMP1
2.92948685151282e-22	0.478796714955409	0.202	0.163	9.8249130026037e-18	c1	CREBZF
4.64938884051073e-22	0.488449529073503	0.122	0.088	1.55931202933049e-17	c1	CLSTN3
4.65639698282787e-22	1.4628791913827	0.021	0.009	1.56166242010081e-17	c1	CD300A
6.46900715072166e-22	0.35681864906547	0.217	0.173	2.16957561820903e-17	c1	ITPRIPL1
6.61370058367341e-22	0.188890995246622	0.505	0.45	2.21810290175239e-17	c1	SNX9
7.1416765803217e-22	0.605953974183584	0.092	0.063	2.39517549150829e-17	c1	CTNNA1
9.80742248659676e-22	0.383466206566506	0.235	0.191	3.28921335355482e-17	c1	CPNE3
1.13011847507376e-21	0.292799370218671	0.342	0.293	3.79019134170239e-17	c1	SMC4
1.21450544184272e-21	1.14136091179046	0.03	0.015	4.0732083508521e-17	c1	GAL3ST2
1.56119993415512e-21	0.820301339352279	0.058	0.036	5.23595233916946e-17	c1	CCRL2
1.86648402116884e-21	0.392295515288528	0.242	0.199	6.25981411019607e-17	c1	DGKZ
2.31434660171841e-21	0.209395873014793	0.322	0.272	7.76185563284322e-17	c1	DOK2
2.45307903085756e-21	0.596997799621576	0.125	0.092	8.22713645369008e-17	c1	SARDH
2.78559929333354e-21	0.263949460510747	0.353	0.307	9.34234290998201e-17	c1	TMEM179B
2.83054491731852e-21	1.05350222496468	0.038	0.021	9.49308154370284e-17	c1	RTP5
3.49193950680007e-21	0.199005848241902	0.47	0.42	1.17112667179061e-16	c1	CLTB
5.09367741325166e-21	0.337856413234595	0.282	0.238	1.70831753085634e-16	c1	ITGAL
5.21509563928478e-21	0.601978126220222	0.098	0.069	1.74903877550333e-16	c1	PARD6G
5.27632887109948e-21	0.18919483564355	0.681	0.64	1.76957517678934e-16	c1	CD8B
5.530256304858e-21	0.27862811194367	0.336	0.289	1.85473735952328e-16	c1	HLA-DMA
6.39201612682516e-21	0.267721385755481	0.368	0.322	2.14375436861462e-16	c1	GPR137B
7.3797007967398e-21	1.19953663062026	0.032	0.016	2.47500405321059e-16	c1	TRGV4
9.32396317498826e-21	0.741601305916122	0.048	0.028	3.12707076962756e-16	c1	C1orf21
9.58479495659878e-21	0.196432936771081	0.44	0.389	3.2145485325441e-16	c1	ARID5B
1.05027651260437e-20	0.110233688213928	0.788	0.748	3.52241736797254e-16	c1	MAP1LC3B
1.09907094535359e-20	0.173573902517389	0.556	0.505	3.68606413652688e-16	c1	CDK2AP2
1.20211372545019e-20	0.560719531455063	0.12	0.088	4.03164901241484e-16	c1	SLC5A6
1.62775530602851e-20	0.255970539400932	0.382	0.334	5.45916574535842e-16	c1	LBR
1.64307573029536e-20	0.215181693560495	0.417	0.367	5.51054738426459e-16	c1	CYSTM1
1.81516251154597e-20	1.21938620217164	0.028	0.014	6.08769203122287e-16	c1	TRGV8
2.36554240876884e-20	0.290604568100372	0.303	0.257	7.93355613052894e-16	c1	NDRG1
2.65110374868744e-20	0.23342795481915	0.375	0.326	8.89127175234795e-16	c1	PTP4A1
3.4458259416209e-20	0.131449969440996	0.658	0.603	1.15566110430082e-15	c1	SRSF3
3.49669699656076e-20	0.128808483632337	0.759	0.721	1.17272223870655e-15	c1	XRCC6
3.91024367154027e-20	0.193480462804191	0.487	0.439	1.31141752256118e-15	c1	POLR2A
7.50161094053321e-20	0.138320090634562	0.44	0.387	2.51589027723603e-15	c1	SLC2A3
8.06695428645496e-20	0.133165498644838	0.735	0.693	2.70549512859127e-15	c1	UBE2B
1.03991376691094e-19	0.251601594002262	0.311	0.264	3.48766279146591e-15	c1	RALGAPA1
1.06334095803005e-19	0.413368523254531	0.122	0.089	3.56623290504119e-15	c1	SFMBT2
1.47077380653453e-19	0.202975670669936	0.425	0.375	4.9326811923555e-15	c1	NAMPT
1.53535056266325e-19	0.380931546678162	0.206	0.165	5.14925871706e-15	c1	TNIP3
1.60826612847143e-19	0.693979463016343	0.078	0.053	5.39380294166747e-15	c1	ENOSF1
1.64768480711891e-19	0.156178084496906	0.636	0.59	5.52600530611539e-15	c1	DYNLRB1
1.75283454877835e-19	0.148074193162502	0.701	0.66	5.87865650969282e-15	c1	HSP90B1
2.10062582923102e-19	0.251562725091201	0.35	0.306	7.04507890607501e-15	c1	SECISBP2L
2.16538202480133e-19	0.132326667355224	0.728	0.692	7.2622582347787e-15	c1	TRMT112
2.42685144342184e-19	0.149009423194201	0.637	0.591	8.13917437094817e-15	c1	PET100
2.44031700757769e-19	0.481164994120652	0.158	0.124	8.18433518001406e-15	c1	PDXK
2.91247374474641e-19	0.176813646028716	0.507	0.46	9.7678544451305e-15	c1	CNPPD1
2.98392520575638e-19	0.196366960291709	0.485	0.44	1.00074883550658e-14	c1	LRPAP1
3.13049211714226e-19	0.230025749817831	0.464	0.423	1.04990444624717e-14	c1	DDX6
3.39908023699466e-19	0.292512434413139	0.31	0.266	1.13998352988327e-14	c1	BTN3A2
3.40773971660639e-19	0.288848912591192	0.266	0.222	1.14288774615545e-14	c1	PMEPA1
3.41930623914313e-19	0.832892570194432	0.057	0.036	1.14676692648382e-14	c1	EPAS1
3.42432442740609e-19	0.372563946410393	0.217	0.178	1.14844992646346e-14	c1	MVD
3.60989435841675e-19	0.247056276405369	0.235	0.19	1.21068636992581e-14	c1	EOMES
4.63635282083977e-19	0.234467606153038	0.357	0.311	1.55494000905324e-14	c1	MAT2A
4.97975223053138e-19	1.78504113936235	0.012	0.004	1.67010930307561e-14	c1	PPP2R3A
5.75014501358003e-19	0.411752945255071	0.252	0.213	1.92848363465447e-14	c1	CTSB
6.12305254287299e-19	0.513861023174966	0.068	0.045	2.05354936182874e-14	c1	PLCG2
6.99939179691851e-19	0.101818202669937	0.895	0.87	2.34745602085053e-14	c1	NCL
7.05865841154014e-19	0.678131870045919	0.067	0.044	2.36733285806233e-14	c1	SCUBE1
7.75014978538342e-19	0.384412892849229	0.21	0.171	2.59924523502189e-14	c1	PPP2R5A
8.04859610057756e-19	1.49021198968571	0.015	0.006	2.6993381602117e-14	c1	LAT2
8.30927311340201e-19	0.186434804106162	0.481	0.434	2.78676401677277e-14	c1	UBE2L6
8.47877277378981e-19	0.313635277185092	0.292	0.25	2.84361081287363e-14	c1	ERICH1
8.97719578982128e-19	2.24960488930763	0.006	0.001	3.01077192399026e-14	c1	TMEM74B
9.00577479616468e-19	0.19575943279422	0.5	0.455	3.02035675113771e-14	c1	ARPP19
9.42486586212628e-19	0.57297135964547	0.117	0.087	3.16091151283991e-14	c1	ST3GAL5
1.24075185677017e-18	0.576159243982104	0.116	0.086	4.1612335772358e-14	c1	CASP1
1.25913474869292e-18	2.45750611200801	0.005	0.001	4.22288612016631e-14	c1	KIR2DL1
1.49373209517016e-18	0.39963322451189	0.206	0.168	5.00967870078167e-14	c1	CEP120
2.09591446488764e-18	0.955777297794756	0.027	0.014	7.02927793234018e-14	c1	CRIM1
2.28014408522644e-18	0.496122594721295	0.131	0.1	7.64714723303245e-14	c1	WDR59
3.25460042525804e-18	0.177684180588184	0.475	0.428	1.09152789062304e-13	c1	MRPL20
3.64524556343466e-18	0.124712195011816	0.675	0.628	1.22254245706471e-13	c1	PSMB6
4.41538560910268e-18	0.163127700408105	0.607	0.558	1.48083202558086e-13	c1	LCP1
4.71779369719513e-18	0.894298281823746	0.028	0.015	1.5822536501653e-13	c1	GAS7
4.76662350572517e-18	0.282508037002242	0.294	0.252	1.59863019135011e-13	c1	B4GALT1
9.86754410342689e-18	0.28820381186745	0.234	0.193	3.30937694140731e-13	c1	CDC37L1
1.10000280875939e-17	0.50241598739788	0.225	0.19	3.68918942001723e-13	c1	IFITM3
1.14945532013543e-17	0.101045950513987	0.842	0.808	3.8550432526702e-13	c1	ARF1
1.16228123609173e-17	0.373445170494115	0.195	0.159	3.89805880960443e-13	c1	EPS15L1
1.19276760493157e-17	0.361316286718077	0.214	0.178	4.00030399341952e-13	c1	SEC23B
1.42455394295351e-17	0.296811388793284	0.252	0.211	4.7776690138775e-13	c1	TICAM1
1.45943186243096e-17	0.178450384675913	0.506	0.463	4.89464258022096e-13	c1	TECR
1.59298493296978e-17	0.421500338617813	0.166	0.133	5.34255286819405e-13	c1	WDR18
2.07802694324609e-17	0.153781530013763	0.628	0.587	6.96928676225874e-13	c1	SMAP2
2.34582171372802e-17	0.14515622223958	0.596	0.55	7.86741686350103e-13	c1	THRAP3
2.49212086163625e-17	0.200975452749193	0.468	0.423	8.35807494575567e-13	c1	SMCHD1
2.61362032239403e-17	0.508091935034076	0.099	0.072	8.7655598372451e-13	c1	SLC35E1
3.38540039754023e-17	0.177797861290197	0.494	0.445	1.13539558532704e-12	c1	FLNA
4.03449256108989e-17	1.37783171807783	0.018	0.008	1.35308811513833e-12	c1	ZBTB46
4.7720044689567e-17	0.557919737053084	0.075	0.052	1.6004348587987e-12	c1	RCAN2
5.55585948238729e-17	0.262167321102248	0.295	0.255	1.86332415320305e-12	c1	EMC10
6.86336017147964e-17	0.317822985658534	0.197	0.161	2.30183373431084e-12	c1	UBTF
7.79834568889752e-17	0.865314900187635	0.023	0.011	2.61540917714245e-12	c1	S1PR5
8.73220884717863e-17	0.290859177147051	0.224	0.186	2.92860820316677e-12	c1	BET1L
8.74914632502237e-17	0.438563293606964	0.116	0.087	2.934288694486e-12	c1	GFOD1
1.59959246197853e-16	0.256239318059031	0.249	0.209	5.3647131989836e-12	c1	MKNK2
1.64372550090368e-16	0.416840908806732	0.129	0.099	5.51272658493075e-12	c1	SPATA2L
1.73693344694304e-16	0.928592846157406	0.028	0.015	5.82532739435758e-12	c1	GOLM1
1.96429423265783e-16	0.150991961231618	0.568	0.52	6.58784999748783e-12	c1	TWF2
2.31199089486853e-16	0.171115603284559	0.511	0.469	7.75395506321008e-12	c1	CDKN1B
2.99596279775467e-16	0.640289301638463	0.075	0.053	1.00478600311096e-11	c1	ABHD6
3.20215374380303e-16	0.628228520192415	0.084	0.06	1.07393832259666e-11	c1	ATP7A
5.41351205394525e-16	0.275594374011025	0.194	0.158	1.81558367265216e-11	c1	SKI
6.9253570173444e-16	0.380612387156384	0.163	0.13	2.32262623647696e-11	c1	GNPTAB
7.34142694645664e-16	0.195886956080997	0.36	0.319	2.46216776930263e-11	c1	RAB8B
8.21151476348132e-16	0.24109614722549	0.286	0.247	2.75397782137636e-11	c1	CCDC115
8.28189652063183e-16	0.257121996210987	0.304	0.265	2.7775824550895e-11	c1	PTPRJ
8.63863602831297e-16	0.211090812506894	0.356	0.314	2.8972257511756e-11	c1	FAM118A
8.83619388884675e-16	0.25430636622611	0.277	0.238	2.96348270644142e-11	c1	ITGA1
8.89718458538127e-16	2.23121793925088	0.007	0.002	2.98393776624517e-11	c1	KRT81
9.25690078220474e-16	0.218131910920912	0.448	0.409	3.10457938433582e-11	c1	DYNC1H1
1.05328120496158e-15	0.218525318158448	0.364	0.325	3.53249450520015e-11	c1	LAP3
1.16300334542606e-15	0.162449555127238	0.518	0.477	3.9004806198899e-11	c1	CCNDBP1
1.17291364691264e-15	0.233314527193278	0.228	0.19	3.9337177890156e-11	c1	TSHZ2
1.17837735055151e-15	0.16419501646903	0.445	0.401	3.95204195827965e-11	c1	APOBEC3C
1.31089855964817e-15	2.29102481723973	0.005	0.001	4.39649158934802e-11	c1	SH2D1B
1.40153523389568e-15	0.810380237217232	0.036	0.021	4.70046886743933e-11	c1	AFAP1L2
1.79565442657115e-15	0.918931100993701	0.03	0.017	6.02226581583431e-11	c1	AC027290.1
1.85740726960286e-15	0.45416756901482	0.131	0.102	6.22937250079406e-11	c1	BOLA2-SMG1P6
1.88891315073569e-15	0.208442379212579	0.323	0.282	6.33503692493736e-11	c1	IFI6
2.09019954782854e-15	0.154039495437078	0.157	0.123	7.01011124350734e-11	c1	CCL3L1
2.61450709955112e-15	0.485970331743595	0.127	0.099	8.76853391047453e-11	c1	PIK3CG
2.83121019175589e-15	0.627626689425933	0.074	0.053	9.49531274111091e-11	c1	GRAMD4
3.07792986317788e-15	0.256028078355949	0.31	0.273	1.0322761175126e-10	c1	ARFGAP3
3.27309834196555e-15	0.22083248332887	0.379	0.339	1.0977317219284e-10	c1	SNRNP200
3.61510185372516e-15	0.692678664937097	0.052	0.034	1.21243285970234e-10	c1	SEC14L2
3.63076571280051e-15	0.295603993598073	0.211	0.176	1.21768620475904e-10	c1	GLA
4.23135675753116e-15	0.458699180745937	0.124	0.097	1.4191124293408e-10	c1	NCAPH
4.53296236581737e-15	0.527369735910201	0.076	0.054	1.52026491824783e-10	c1	LRIG1
4.82536247037281e-15	1.31185145239456	0.018	0.009	1.61833006531363e-10	c1	CCR1
5.93913274760344e-15	0.201654262631288	0.324	0.282	1.99186634089124e-10	c1	F2R
6.00660491722621e-15	0.704244637807408	0.05	0.033	2.01449515713933e-10	c1	ARID3A
6.04274370200598e-15	0.207387237280686	0.393	0.355	2.02661538277877e-10	c1	ARL6IP1
7.14126654544027e-15	0.842443843320524	0.031	0.018	2.39503797400976e-10	c1	ADAM28
7.57821791798246e-15	0.668990404727218	0.056	0.037	2.54158272533296e-10	c1	GNA12
7.85317394708098e-15	0.231899103926714	0.309	0.27	2.63379747837202e-10	c1	CASP4
8.362237366018e-15	0.178019880701253	0.698	0.668	2.80452716781512e-10	c1	CLEC2B
9.14100716722956e-15	0.498219700319576	0.084	0.061	3.06571098374545e-10	c1	SNX18
1.12504776674113e-14	0.168667368961391	0.436	0.396	3.7731852000964e-10	c1	NR1H2
1.20009079227657e-14	0.132724445402259	0.613	0.573	4.02486449913717e-10	c1	TRAT1
1.35234609674677e-14	1.18515095300389	0.02	0.01	4.53549833926931e-10	c1	AMER1
1.39376587595673e-14	0.305355389861983	0.227	0.193	4.6744119947837e-10	c1	HMCES
1.4385516570022e-14	0.373219382655844	0.179	0.148	4.82461454725396e-10	c1	HIST1H2AC
1.67812141550007e-14	0.635066262395744	0.056	0.038	5.62808360330413e-10	c1	RXRA
2.03431663692888e-14	0.389598395538636	0.145	0.115	6.82269113693207e-10	c1	GCDH
2.39644381792946e-14	0.589164022635083	0.098	0.074	8.03719327657183e-10	c1	MTSS1
2.4336151362049e-14	0.197468417122474	0.423	0.383	8.16185844380398e-10	c1	HDLBP
2.84810516511939e-14	0.271366065953078	0.391	0.356	9.55197510277741e-10	c1	UQCRC2
3.49582984789196e-14	0.104471169613393	0.743	0.702	1.172431414386e-09	c1	SSR4
3.76691544362237e-14	0.299130629760974	0.171	0.139	1.26334810148207e-09	c1	CENPF
4.02094361035125e-14	0.16339274252306	0.544	0.504	1.3485440680396e-09	c1	ANXA11
4.18484433247087e-14	0.477849006278587	0.097	0.073	1.40351309222408e-09	c1	SNAI3
4.46273496651042e-14	0.116416263962279	0.619	0.575	1.49671205306827e-09	c1	ODC1
4.64633784966427e-14	0.268926465810896	0.238	0.203	1.5582887880204e-09	c1	HACD3
6.12065007698071e-14	0.231409095884674	0.347	0.311	2.05274362281779e-09	c1	IL2RB
6.82654967660343e-14	0.160519094852146	0.409	0.367	2.28948823053926e-09	c1	ORAI1
6.95857283752394e-14	0.44961630653529	0.12	0.094	2.33376615824878e-09	c1	ASB2
8.53851419095929e-14	0.185836554512927	0.464	0.424	2.86364688936393e-09	c1	IFI16
8.71679317249351e-14	0.876247470701306	0.023	0.012	2.92343809419087e-09	c1	MMP23B
8.9422624795784e-14	0.141456348497784	0.534	0.492	2.999055990401e-09	c1	P4HB
8.95057748641954e-14	0.843979584393415	0.031	0.018	3.00184467739539e-09	c1	FLNB
8.96116021511501e-14	0.823524421744497	0.05	0.034	3.00539391294527e-09	c1	ATL1
9.03820814617126e-14	2.47542048005152	0.006	0.002	3.03123424806292e-09	c1	RASD2
9.8609449383106e-14	1.34452797613464	0.015	0.007	3.30716371341061e-09	c1	RTKN2
1.02868251651537e-13	1.19920444148219	0.016	0.008	3.44999542388924e-09	c1	ATP9A
1.0370100219935e-13	0.201577797996873	0.369	0.332	3.4779242117618e-09	c1	IRF7
1.05430095943205e-13	0.290443901727609	0.214	0.181	3.53591455774321e-09	c1	ZNF335
1.06664053517715e-13	0.152366844522338	0.525	0.486	3.57729902687711e-09	c1	PRDX5
1.13919761597999e-13	0.383208533996716	0.12	0.093	3.82064096447368e-09	c1	AOAH
1.23880184675685e-13	0.292561895718333	0.27	0.239	4.15469363365313e-09	c1	CIAO1
1.32035812071167e-13	0.171398850827784	0.441	0.405	4.42821706524281e-09	c1	SRPRA
1.39403494885991e-13	0.78633647549552	0.031	0.018	4.67531441148636e-09	c1	MTMR8
1.70304364527801e-13	0.296596047609901	0.203	0.171	5.71166777753339e-09	c1	HYOU1
2.07151259586049e-13	0.180500133417969	0.576	0.544	6.9474389439969e-09	c1	CLDND1
2.07589172893344e-13	1.25507277409361	0.017	0.008	6.96212568049696e-09	c1	LINC02099
2.08955395779235e-13	0.187952114953469	0.377	0.341	7.007946063644e-09	c1	PAF1
2.21932346843113e-13	2.06935509728055	0.014	0.006	7.44316704842434e-09	c1	ASCL1
2.80894806275533e-13	0.301901792818052	0.19	0.159	9.42065001286881e-09	c1	TFPT
3.34348690213259e-13	1.64503365888313	0.013	0.006	1.12133863723723e-08	c1	KIR3DL2
3.44279831880767e-13	0.414259002586926	0.135	0.108	1.15464570016172e-08	c1	SLFN12L
3.48761499862332e-13	0.457590758001077	0.113	0.088	1.16967631823829e-08	c1	CD200R1
3.49119828840686e-13	0.416395285041804	0.14	0.113	1.17087808196589e-08	c1	CTPS1
3.56453040257807e-13	0.310095769395738	0.227	0.195	1.19547220641663e-08	c1	OTULIN
3.60355210582555e-13	0.202570332342065	0.388	0.352	1.20855930525177e-08	c1	TMX4
3.71137011143539e-13	0.383124824688775	0.138	0.11	1.2447193079732e-08	c1	ETV1
4.37691505661281e-13	1.05980000073896	0.028	0.016	1.4679297716868e-08	c1	FXYD2
4.44696219289049e-13	0.130568274461968	0.663	0.624	1.49142218025161e-08	c1	MRPS6
4.62580665524604e-13	0.65375834786659	0.07	0.051	1.55140303603642e-08	c1	JMJD4
5.0993194598073e-13	0.161832401818432	0.364	0.325	1.71020976043017e-08	c1	INSIG1
6.39457469905912e-13	1.31690076578804	0.009	0.004	2.14461246257045e-08	c1	PLS3
6.53576854031092e-13	0.44731005226826	0.114	0.089	2.19196605304948e-08	c1	COMMD7
7.1885869056342e-13	0.994047932081802	0.052	0.036	2.4109082764116e-08	c1	TRGV3
7.87857264298546e-13	0.108816381475252	0.846	0.829	2.64231569300446e-08	c1	SPOCK2
7.93640866982989e-13	0.235474027536647	0.334	0.301	2.66171273968755e-08	c1	TYMP
9.227875701404e-13	0.246982250372466	0.272	0.239	3.09484495273687e-08	c1	RNF166
9.77829683328713e-13	0.239429918953618	0.247	0.213	3.27944519194784e-08	c1	GDE1
1.02748076851023e-12	0.29343680792168	0.183	0.153	3.44596500142961e-08	c1	RRN3
1.11863553484756e-12	0.257392876815728	0.272	0.238	3.75167985677174e-08	c1	ZC3H18
1.13870186380221e-12	1.20584596983842	0.021	0.011	3.81897831081986e-08	c1	CCL18
1.24363226727644e-12	0.171028667479969	0.41	0.373	4.17089389799173e-08	c1	DHX36
1.25946607261302e-12	0.223640458389542	0.317	0.283	4.22399731432956e-08	c1	STX5
1.28114028647208e-12	0.682504949881619	0.043	0.028	4.29668829277005e-08	c1	FAM184A
1.31155540409555e-12	0.175556565621434	0.437	0.404	4.39869451425565e-08	c1	ZMAT2
1.56002212706159e-12	0.195205480706093	0.354	0.32	5.23200220973915e-08	c1	CD2BP2
1.75967486317432e-12	0.456736282593339	0.106	0.083	5.90159755611402e-08	c1	NCDN
1.92957619196565e-12	0.351253688598372	0.149	0.122	6.47141263261441e-08	c1	MXRA7
2.33789935293745e-12	0.251839650694586	0.258	0.225	7.84084684988163e-08	c1	BCL11B
2.33958698484968e-12	0.105547704748875	0.614	0.569	7.84650682978885e-08	c1	HCST
2.40487335903316e-12	0.329916770500258	0.2	0.171	8.06546427152542e-08	c1	UBASH3A
2.5675695655456e-12	0.150711023931368	0.475	0.44	8.61111480892683e-08	c1	PSAP
2.64860704369632e-12	0.103322567316632	0.628	0.587	8.88289830314871e-08	c1	CD3G
2.69551733702309e-12	0.199447083268189	0.335	0.301	9.04022604490804e-08	c1	NARF
2.77183934707131e-12	0.353525875497242	0.16	0.133	9.29619480220777e-08	c1	SACM1L
3.30241137278963e-12	0.14884154095948	0.467	0.43	1.10756272620619e-07	c1	BNIP3L
3.34467700941539e-12	0.458176764438846	0.123	0.099	1.12173777541773e-07	c1	CPOX
3.51796657529477e-12	0.17059564966489	0.441	0.406	1.17985563002236e-07	c1	FMNL1
5.47974809308021e-12	0.157727839297658	0.41	0.373	1.83779791545724e-07	c1	RBM42
6.01578949119999e-12	1.64918349088982	0.006	0.002	2.01757547955865e-07	c1	EPB41L3
6.37713540002154e-12	0.401389344506199	0.144	0.118	2.13876367045923e-07	c1	SATB1
6.75907747129483e-12	0.290943276972299	0.171	0.142	2.26685940232286e-07	c1	P2RY8
7.1197386150569e-12	0.294755401217907	0.18	0.151	2.38781793671778e-07	c1	TMEM39A
7.36111981525435e-12	0.448747411967239	0.103	0.081	2.46877236364e-07	c1	IKZF4
8.39102407208962e-12	0.277946417685672	0.199	0.17	2.81418165329742e-07	c1	HIST1H2BK
8.55107624796207e-12	0.281111779830915	0.217	0.188	2.86785995204152e-07	c1	DCAF11
1.02432104450784e-11	0.139123140017827	0.479	0.443	3.43536791907038e-07	c1	MAF1
1.05642098566606e-11	0.602085342726991	0.055	0.039	3.54302470172682e-07	c1	CHI3L2
1.11933724284009e-11	0.330049648001569	0.125	0.1	3.75403324503711e-07	c1	ZFYVE28
1.12266433112559e-11	0.677481100313096	0.051	0.035	3.765191633729e-07	c1	SLC39A14
1.50690862579657e-11	0.181648669545986	0.326	0.292	5.05387014919652e-07	c1	BAD
1.53174434273008e-11	0.237446974686597	0.218	0.187	5.13716417664813e-07	c1	TSEN34
1.58022930417663e-11	0.36122428359371	0.135	0.11	5.29977304034757e-07	c1	BTN3A3
1.62692643155464e-11	0.258836684874237	0.236	0.206	5.45638586614795e-07	c1	USP48
1.67182508158278e-11	0.294815185509498	0.171	0.143	5.60696695861231e-07	c1	RNF40
1.70398688814616e-11	0.148688629415508	0.422	0.385	5.71483122546459e-07	c1	ISCA1
1.77696203317225e-11	1.00057166251173	0.016	0.008	5.9595752668531e-07	c1	SETBP1
1.93706566116214e-11	0.182656325141951	0.394	0.362	6.49653081440558e-07	c1	NDUFB6
1.9901007342378e-11	0.534454880682707	0.088	0.068	6.67439984248672e-07	c1	KCNK6
2.0578056359485e-11	0.344517648612264	0.13	0.105	6.90146854184408e-07	c1	MX2
2.41045618035611e-11	0.200717579220799	0.245	0.212	8.08418793767833e-07	c1	DUSP10
2.45132973510955e-11	0.106182455846159	0.708	0.676	8.22126966561041e-07	c1	FAM129A
2.49329772869639e-11	0.146363413986019	0.568	0.536	8.36202192250196e-07	c1	NEAT1
2.54886993611049e-11	0.14542873501889	0.43	0.397	8.54839999172737e-07	c1	IMP3
2.69450454111138e-11	1.17124006336032	0.016	0.008	9.03682932997935e-07	c1	FOXP3
2.73922164331853e-11	0.144777282272674	0.474	0.441	9.1868015473617e-07	c1	G3BP2
2.81362991364147e-11	1.96072618086239	0.007	0.002	9.43635200437078e-07	c1	AC009093.2
3.00927604373602e-11	0.331725244750307	0.162	0.136	1.00925099954819e-06	c1	MAN2A1
3.06564882688118e-11	0.108811444838327	0.494	0.455	1.02815730355941e-06	c1	SLBP
3.36850113279675e-11	0.178034830586904	0.356	0.323	1.12972790991737e-06	c1	RRP7A
3.51456738233381e-11	0.421283864586541	0.108	0.086	1.17871560868711e-06	c1	TULP3
4.05401379970799e-11	0.666352163115452	0.033	0.021	1.35963514814606e-06	c1	CHRNE
4.33583176612908e-11	0.104081279584959	0.564	0.527	1.45415125772437e-06	c1	GABARAPL1
4.34753710591944e-11	0.144041802666756	0.434	0.397	1.45807699458326e-06	c1	GYG1
4.36104351809713e-11	0.153530350313718	0.436	0.403	1.46260677509942e-06	c1	SDF4
4.59781406002548e-11	0.404354297649358	0.085	0.065	1.54201487945134e-06	c1	SLFN11
5.01875035231918e-11	0.229007288385385	0.273	0.241	1.68318849316081e-06	c1	PITPNC1
5.57428575853109e-11	1.193573900808	0.009	0.004	1.86950395769616e-06	c1	MIR4422HG
5.6922227093888e-11	0.181085745293335	0.367	0.337	1.90905765227481e-06	c1	RTF2
5.83180283669752e-11	0.228286466096509	0.275	0.243	1.95587003537161e-06	c1	PDXDC1
6.22271664853209e-11	0.321084439159266	0.146	0.121	2.08697470958469e-06	c1	MED29
6.34167333883394e-11	0.427523564177645	0.174	0.149	2.12687040437813e-06	c1	ACOT9
6.91586530562614e-11	0.538271815031782	0.067	0.05	2.31944290620089e-06	c1	ZNF79
7.08133008684455e-11	0.35231050162804	0.129	0.105	2.37493648452592e-06	c1	IFIH1
7.23255234632624e-11	0.208529407355934	0.322	0.292	2.42565340591089e-06	c1	DDX27
7.36507439109693e-11	0.15967062117376	0.421	0.388	2.47009864928609e-06	c1	SMARCA5
7.41445117738919e-11	0.11193562053139	0.7	0.67	2.48665863587279e-06	c1	FNBP1
8.06790765343879e-11	0.233944916959947	0.214	0.185	2.7058148688103e-06	c1	TXNDC11
8.07265066527789e-11	0.277664520041395	0.19	0.163	2.7074055801209e-06	c1	CSNK1G2
9.5566158921713e-11	0.301046161291445	0.198	0.17	3.20509783791641e-06	c1	HIVEP1
9.82586932404717e-11	0.236454490015639	0.164	0.136	3.29540005389894e-06	c1	LAX1
1.01403290712265e-10	0.157091645258419	0.436	0.404	3.40086356390793e-06	c1	HERPUD2
1.27241321898881e-10	0.180703007645813	0.238	0.206	4.26741945384468e-06	c1	SLC20A1
1.31265894262735e-10	0.504726249276575	0.05	0.036	4.40239556178361e-06	c1	CXCL16
1.38387962755331e-10	1.31776116349652	0.009	0.004	4.6412554948883e-06	c1	AFF3
1.39730127409502e-10	0.404590761042506	0.1	0.079	4.68626901305987e-06	c1	DCP1B
2.19762902497532e-10	0.138450866350487	0.461	0.427	7.37040822396224e-06	c1	FBXO7
2.34482458245842e-10	0.355443815816499	0.141	0.117	7.86407268464905e-06	c1	DOK1
2.44343098692237e-10	1.76348763552819	0.007	0.002	8.19477884394024e-06	c1	BAIAP2L1
2.7384899940943e-10	0.498286617168607	0.054	0.039	9.18434774219346e-06	c1	BCR
2.81610409902035e-10	0.277884278954919	0.174	0.148	9.44464992729446e-06	c1	NAGK
3.11526154362917e-10	0.294949019729859	0.203	0.177	1.04479641650235e-05	c1	GRINA
3.19218928297661e-10	0.348556250909426	0.154	0.13	1.0705964417247e-05	c1	RBBP8
3.41294141274724e-10	1.5447060418284	0.007	0.002	1.14463229100717e-05	c1	TIMD4
3.46315248858426e-10	0.426851744018104	0.098	0.077	1.16147208162139e-05	c1	SEMA4A
3.51949180763704e-10	0.248938911141759	0.259	0.231	1.18036716244531e-05	c1	CSNK1G3
3.7263830400591e-10	0.214835840298949	0.271	0.242	1.24975434397502e-05	c1	DNPEP
3.86335042166919e-10	1.45273347519201	0.009	0.004	1.29569046441941e-05	c1	RASAL1
3.88061646938909e-10	0.570923250249148	0.059	0.044	1.30148115150371e-05	c1	ADORA2A
4.00990198534954e-10	0.206893460962549	0.257	0.227	1.34484092784653e-05	c1	PREX1
4.14507464319823e-10	0.18167812630409	0.339	0.308	1.39017513383582e-05	c1	AATF
4.19551205769248e-10	0.125294458907607	0.611	0.584	1.40709083390891e-05	c1	ETS1
4.36481715396568e-10	0.159997597117205	0.334	0.305	1.46387237709701e-05	c1	NDUFAF3
4.60022462173477e-10	0.38407222230401	0.109	0.088	1.54282333363741e-05	c1	PEX3
4.67643847755939e-10	0.260301607627436	0.189	0.162	1.56838393660387e-05	c1	TMUB2
4.84418461282844e-10	0.473121808773073	0.058	0.042	1.6246426354504e-05	c1	HDAC4
5.6016760854676e-10	0.316669646950112	0.145	0.121	1.87869012554412e-05	c1	PISD
6.00695649489674e-10	0.117529819458117	0.495	0.462	2.01461306925847e-05	c1	PSMC4
6.41369360569936e-10	0.26441674879932	0.258	0.231	2.15102456147945e-05	c1	ECI2
6.51565939672447e-10	0.672635685559999	0.029	0.018	2.18522184847345e-05	c1	HS6ST1
6.63043310046671e-10	0.280228882477859	0.197	0.171	2.22371465323452e-05	c1	ATP8A1
7.69540599886595e-10	0.122604063012427	0.586	0.561	2.58088526389966e-05	c1	TCF25
8.51839174583504e-10	0.769271095564773	0.024	0.014	2.85689822371816e-05	c1	TRBV5-1
8.70905324646985e-10	2.3008725797455	0.003	0.001	2.92084227780106e-05	c1	PIK3R6
8.92788094973962e-10	1.02494269687641	0.029	0.018	2.99423271292368e-05	c1	TRBV7-2
8.97144066762161e-10	0.351396544698384	0.124	0.102	3.00884177110694e-05	c1	ELK1
9.17352777004231e-10	0.245368188704318	0.236	0.21	3.07661774351679e-05	c1	TTC1
9.50685752692039e-10	0.249337293523662	0.217	0.19	3.18840987737856e-05	c1	UBE4A
1.01575692398036e-09	0.506890666445618	0.07	0.053	3.40664557164534e-05	c1	BPGM
1.02270249707297e-09	0.246733527111855	0.225	0.199	3.42993963468332e-05	c1	TRIM26
1.03171588567077e-09	1.37305294972766	0.009	0.004	3.46016873736262e-05	c1	IGHV1-2
1.06977845128288e-09	0.303950414879308	0.154	0.13	3.58782296991251e-05	c1	PARP4
1.07221337968227e-09	0.217417820980799	0.219	0.191	3.59598923277838e-05	c1	GRK2
1.30331346248452e-09	0.4775126955817	0.048	0.034	4.37105269048057e-05	c1	PLEK
1.31058786850744e-09	0.324707445900392	0.125	0.103	4.39544959340025e-05	c1	SEC24A
1.38792542002893e-09	0.302306656710408	0.172	0.147	4.65482427369303e-05	c1	SUPV3L1
1.42029914407504e-09	0.928250387239199	0.02	0.012	4.76339926939888e-05	c1	GNB4
1.47020203773535e-09	0.118690997778707	0.588	0.558	4.93076359415682e-05	c1	EML4
1.50601388014866e-09	0.572362777267353	0.048	0.034	5.05086935124259e-05	c1	HIST1H2BN
1.5618041400879e-09	0.108312540736916	0.455	0.422	5.23797872502679e-05	c1	ARID5A
1.58417789391246e-09	1.26807768341188	0.01	0.004	5.3130158206036e-05	c1	TLR3
1.71486642058994e-09	1.14586507204012	0.01	0.005	5.75131900137454e-05	c1	AC098613.1
1.75139229269473e-09	0.577804389852882	0.071	0.055	5.87381947123957e-05	c1	ZNF282
1.78324929577454e-09	0.123802479408073	0.509	0.478	5.98066148816864e-05	c1	WNK1
1.79890335230044e-09	0.80702652559934	0.037	0.025	6.03316206294523e-05	c1	THBS1
1.83086646382554e-09	0.976458170526689	0.02	0.012	6.14035994637809e-05	c1	KLRC2
1.84544340696346e-09	0.126600710520828	0.438	0.407	6.18924809827405e-05	c1	CEBPZ
1.88297184662788e-09	0.153028768410639	0.35	0.316	6.31511097922058e-05	c1	IL10RA
2.01703888822707e-09	0.891156767414047	0.022	0.014	6.76474502333594e-05	c1	AC079341.1
2.09102433878128e-09	0.950619501914356	0.018	0.01	7.01287742740467e-05	c1	PTPRF
2.09273405628248e-09	0.215325746085037	0.187	0.161	7.01861147796018e-05	c1	CD81
2.13644261602471e-09	0.961206590622905	0.021	0.012	7.16520124562367e-05	c1	NEU4
2.15024622347436e-09	0.253063532448633	0.19	0.164	7.21149578428832e-05	c1	RNF38
2.26643624340356e-09	0.422846833042287	0.095	0.076	7.60117387312686e-05	c1	PLEKHG2
2.58257217463415e-09	0.434324145332222	0.087	0.069	8.66143055928802e-05	c1	DENND3
2.58540992061623e-09	0.272467927306769	0.18	0.155	8.67094779176271e-05	c1	CCNT1
2.73305124348113e-09	0.127446286250688	0.511	0.482	9.16610726038702e-05	c1	RTF1
3.06899759830316e-09	0.283098387923497	0.146	0.123	0.000102928041451891	c1	CDKN2A
3.53086894174802e-09	0.26649550303296	0.148	0.125	0.000118418282568345	c1	CTDP1
3.58113459681147e-09	0.166204232478991	0.328	0.3	0.000120104092107863	c1	TACC1
4.03749004715022e-09	0.279097002542283	0.201	0.177	0.000135409341201324	c1	ASB1
4.23614413005094e-09	0.343548140627314	0.11	0.09	0.000142071801833648	c1	UBE2O
4.77599343488743e-09	0.146821573614738	0.382	0.352	0.000160177267819255	c1	CYTH1
4.93706683016605e-09	1.52131474805126	0.009	0.004	0.000165579347350109	c1	NUDT10
5.41483875754886e-09	0.391896522628934	0.092	0.073	0.000181602862250674	c1	ZC3H7B
5.43981427511191e-09	0.127330600075759	0.48	0.452	0.000182440491158703	c1	HNRNPR
5.94984704280714e-09	0.264235178852385	0.223	0.199	0.000199545970121666	c1	EXOSC9
6.14919488424961e-09	0.343288210811527	0.13	0.109	0.000206231698027963	c1	OAS2
7.16029446919067e-09	1.86199742567497	0.006	0.002	0.000240141955907717	c1	PHF21B
7.23000160447806e-09	0.185676599788665	0.238	0.211	0.000242479793810985	c1	NSMCE3
7.75747973911112e-09	0.549779012604823	0.05	0.037	0.000260170355490309	c1	L1CAM
8.55552158296089e-09	0.221237474395921	0.262	0.236	0.000286935082849342	c1	ATP6V1B2
8.73451654878296e-09	1.60487466389463	0.005	0.002	0.000292938216013083	c1	KIR2DL3
9.33912064580659e-09	0.249233739154388	0.125	0.103	0.000313215428219061	c1	SOCS3
9.71058346597391e-09	0.232868697377673	0.32	0.295	0.000325673548281833	c1	CNIH1
1.00504172754751e-08	0.114457112414366	0.44	0.409	0.000337070894584885	c1	CMC2
1.12426359256089e-08	0.217504913979293	0.236	0.212	0.000377055523673072	c1	NBDY
1.13514172723621e-08	0.175781460354048	0.354	0.327	0.00038070383248048	c1	SUPT5H
1.17029472412362e-08	0.449161428023981	0.085	0.068	0.00039249344457658	c1	CHPF
1.22023297615135e-08	0.236622175756389	0.271	0.247	0.000409241735541639	c1	PIGT
1.22866885063538e-08	0.339446446222642	0.145	0.124	0.000412070959126095	c1	NFU1
1.236008651304e-08	0.184422267620956	0.298	0.272	0.000414532581474336	c1	YY1AP1
1.34710069840089e-08	0.456857243028308	0.051	0.038	0.000451790632229689	c1	NSMF
1.45459677416216e-08	0.209949641075326	0.36	0.336	0.000487842666118505	c1	ITGA4
1.46645698013076e-08	0.80017271079315	0.025	0.016	0.000491820341996254	c1	PGBD1
1.51408460093146e-08	0.282220240767374	0.132	0.111	0.000507793693460392	c1	BRD1
1.52421578272335e-08	0.103250238923978	0.548	0.518	0.000511191489209758	c1	ROMO1
1.54210429194664e-08	0.502910116339356	0.033	0.023	0.000517190937433063	c1	TRGC1
1.56324632286741e-08	0.757313390207034	0.036	0.025	0.000524281551763273	c1	CKAP2L
1.58108944838545e-08	0.246766962053787	0.254	0.229	0.000530265779199511	c1	ENTPD1
1.61207607578935e-08	0.105519204031442	0.707	0.676	0.000540658074298233	c1	PARK7
1.66147931056895e-08	0.33057991373246	0.114	0.094	0.000557226931178616	c1	ATG9A
1.66559313356024e-08	0.55443987531328	0.039	0.027	0.000558606625133432	c1	NCR1
1.89191469767844e-08	0.110183799206808	0.558	0.529	0.000634510351307396	c1	RAB27A
1.96187674890079e-08	0.276146019057349	0.121	0.1	0.000657974224046346	c1	KMT5C
2.01304999034841e-08	0.305972797337755	0.151	0.129	0.000675136705763049	c1	PSME4
2.07874372807029e-08	0.150254193232101	0.321	0.292	0.000697169071520215	c1	MECP2
2.14853143012092e-08	0.449895383684522	0.061	0.047	0.000720574471033954	c1	CDKN2C
2.17287283292845e-08	0.193421621118067	0.193	0.169	0.000728738090707543	c1	HIST1H1E
2.49418207377858e-08	0.307223998887963	0.124	0.104	0.000836498783903862	c1	KIAA0319L
2.6746105962514e-08	0.236984756504504	0.179	0.156	0.000897010901770794	c1	DPP8
2.75774189872235e-08	0.522412135949151	0.066	0.052	0.000924891477993503	c1	RITA1
2.98356127196741e-08	0.211929700349183	0.195	0.171	0.00100062677939243	c1	TGIF2
3.08689655494298e-08	0.614508810019469	0.025	0.016	0.00103528336659678	c1	ABTB2
3.13471172987817e-08	0.374082730174977	0.101	0.083	0.00105131961996654	c1	HELZ2
3.25764856337162e-08	0.186081072931534	0.272	0.246	0.00109255017518358	c1	PTPN7
3.30598443442129e-08	2.04188123827738	0.003	0.001	0.00110876105961621	c1	BTNL9
3.39526957614873e-08	0.429793528142009	0.091	0.074	0.00113870551044876	c1	ACOX3
3.4851591952853e-08	0.24458037142934	0.143	0.121	0.00116885269091478	c1	GCNT1
3.55455089389655e-08	0.46173512422209	0.025	0.016	0.00119212527879503	c1	TRAV8-4
4.0136526083638e-08	0.489148035275461	0.094	0.077	0.00134609881179305	c1	TPX2
4.02645355441993e-08	0.242832583232317	0.215	0.192	0.00135039199308136	c1	G6PD
4.2184528417689e-08	0.155434764716511	0.294	0.268	0.00141478471407245	c1	SUPT6H
4.26556160511908e-08	0.51992064240457	0.042	0.03	0.00143058405112484	c1	SPHK1
4.36531578845195e-08	0.952821290486864	0.018	0.011	0.00146403960913101	c1	PVRIG
4.5873706193545e-08	0.13133633526357	0.392	0.365	0.00153851235831911	c1	JMJD6
4.60738873282445e-08	0.239524551148245	0.245	0.222	0.00154522603321466	c1	ZNRF1
4.78683679094919e-08	0.457402521614835	0.056	0.042	0.00160540932294854	c1	RSAD2
4.82854827287599e-08	0.263222161551247	0.155	0.134	0.00161939851975715	c1	ITPR1
5.00665195406778e-08	0.255153218563119	0.181	0.159	0.00167913093235525	c1	PHTF1
5.02716589246489e-08	0.291958107304877	0.106	0.088	0.00168601089701487	c1	BTN2A2
5.46207468111582e-08	0.358929803204607	0.12	0.102	0.00183187060655262	c1	ST6GALNAC4
5.89561740726328e-08	0.246272139529816	0.242	0.219	0.00197727216604796	c1	SEPHS2
5.98425307783858e-08	0.303231755060344	0.083	0.067	0.0020069987972455	c1	FAM122C
6.32603683185395e-08	0.118370931107456	0.406	0.378	0.00212162623266718	c1	WBP2
6.76611267118104e-08	0.361265289418603	0.054	0.041	0.0022692188676607	c1	WNT10A
6.85600913732707e-08	0.129515531871168	0.371	0.343	0.00229936834447675	c1	CHD1
7.09068118840685e-08	0.562752374509253	0.054	0.041	0.00237807265696789	c1	PDGFA
7.19484738769194e-08	0.103935644259488	0.527	0.499	0.00241300791688412	c1	ARHGEF1
7.47887963253562e-08	0.328970619152499	0.064	0.05	0.0025082666511598	c1	CBX4
8.37257998950613e-08	0.142569380729645	0.375	0.35	0.00280799587688057	c1	PQBP1
8.49298691909086e-08	0.188030033655846	0.236	0.211	0.00284837795292469	c1	SIK3
8.84026593572649e-08	0.162342844785429	0.31	0.284	0.00296484838952395	c1	PRPF6
9.28456953672478e-08	0.12624317817965	0.378	0.349	0.00311385893122676	c1	EVI2A
9.63950845064896e-08	0.394549701883985	0.084	0.068	0.00323289834417865	c1	AKAP1
9.7843580248218e-08	0.18428596882105	0.3	0.276	0.00328147799436474	c1	CEP57
9.9728288570401e-08	0.19771327784216	0.173	0.15	0.00334468734207411	c1	TBX21
1.09849600639205e-07	0.356509125862443	0.09	0.073	0.00368413590623767	c1	CPNE7
1.10083929363233e-07	0.101472083193567	0.478	0.451	0.0036919948229841	c1	GCC2
1.14651051925782e-07	0.273485727907517	0.156	0.135	0.00384516697948687	c1	MVB12B
1.17416817380067e-07	0.324974869347174	0.167	0.147	0.0039379252212927	c1	PAM
1.23338082176066e-07	0.216124718266349	0.225	0.202	0.00413651260002091	c1	VAMP5
1.26874892272379e-07	0.295630656785642	0.089	0.072	0.00425513013703104	c1	ABR
1.29642625939509e-07	0.737342130763095	0.024	0.015	0.00434795438875924	c1	TGFBR3L
1.31823348176624e-07	0.206395019818905	0.209	0.186	0.00442109145114763	c1	SETX
1.31959908611726e-07	0.194212078415655	0.236	0.213	0.00442567141502007	c1	FAM136A
1.33365458100669e-07	0.622589329691502	0.025	0.016	0.00447281073378025	c1	GFPT2
1.35822604749565e-07	0.173365456387603	0.286	0.263	0.00455521851809091	c1	PDHB
1.64791287479046e-07	0.229771034646197	0.143	0.123	0.00552677019947226	c1	ZHX2
1.67430159103859e-07	0.116016518623441	0.35	0.322	0.00561527267602521	c1	OAT
1.80070479033827e-07	0.294346018603727	0.122	0.103	0.00603920372583648	c1	SAMD9L
1.80221199376011e-07	0.21309441106932	0.141	0.12	0.00604425858467265	c1	TTN
1.85958799279954e-07	0.32154669031728	0.082	0.066	0.00623668621025111	c1	ZBP1
1.87767359411688e-07	0.205864162533467	0.213	0.191	0.00629734169994918	c1	NBR1
1.90162384165736e-07	0.147255687347366	0.268	0.241	0.00637766604015046	c1	YPEL2
1.92299671764085e-07	0.189602674646253	0.315	0.29	0.00644934639162389	c1	GIMAP4
2.04164760613455e-07	0.1013591610198	0.468	0.437	0.00684727774145405	c1	CALM3
2.11656498941003e-07	0.65849954662166	0.025	0.017	0.00709853566148337	c1	FCRL3
2.15400437854077e-07	0.679205738988415	0.023	0.015	0.00722409988475004	c1	FGFBP2
2.31672818916474e-07	0.194725246205273	0.403	0.383	0.0077698430008207	c1	SERPINB1
2.32229874480768e-07	0.26405223368268	0.096	0.078	0.00778852553033599	c1	WSB2
2.40921382201541e-07	0.109303389311592	0.472	0.446	0.00808002131627527	c1	RNF181
2.45514639525086e-07	0.281174187216401	0.054	0.041	0.00823406998039234	c1	IER5L
2.47237931398776e-07	0.110882931622274	0.466	0.443	0.00829186574325214	c1	SF3A1
2.48180976856174e-07	0.135769806649493	0.306	0.282	0.00832349360180237	c1	DPF2
2.53547497427794e-07	0.14675940200348	0.187	0.163	0.00850347596873336	c1	TBC1D2B
2.59822819539114e-07	0.206804512007626	0.209	0.188	0.00871393772170281	c1	HIST1H1C
2.62855237450558e-07	0.216734408513104	0.29	0.267	0.00881563895361682	c1	PLSCR1
2.75467225538963e-07	1.66158602915077	0.004	0.001	0.00923861981012573	c1	GNG12
2.88998987888374e-07	0.759121337794022	0.021	0.014	0.0096924480558003	c1	ZNF80
2.93067863397842e-07	0.186862086308146	0.231	0.209	0.00982891000263681	c1	BLOC1S6
2.94854481059229e-07	0.12056078878705	0.454	0.432	0.00988882958576443	c1	MLF2
3.06712684745574e-07	0.488609371583234	0.044	0.033	0.0102865300209971	c1	FAM8A1
3.1555626908115e-07	0.154355668210323	0.303	0.279	0.0105831261524436	c1	SLC10A3
3.23971187202468e-07	0.101476887579568	0.548	0.526	0.0108653456763964	c1	RAB11A
3.25880576291391e-07	0.144157744236154	0.412	0.391	0.0109293827676607	c1	PSMF1
3.61961740367132e-07	0.126796540685991	0.36	0.336	0.0121394728484329	c1	POLR2F
3.64800443755134e-07	0.146438710280467	0.212	0.188	0.0122346772826597	c1	MPZL3
3.65340311045082e-07	0.458856799357881	0.047	0.035	0.01225278335183	c1	SRGAP2C
3.66265835068362e-07	0.454886246705581	0.061	0.048	0.0122838235765227	c1	RBBP9
3.99991099800997e-07	0.114554823677213	0.231	0.205	0.0134149015051258	c1	NUSAP1
4.09130709140419e-07	0.163400687850151	0.314	0.291	0.0137214257231514	c1	LASP1
4.11825832183695e-07	0.176345750198506	0.235	0.212	0.0138118147597768	c1	TBCD
4.21489128736684e-07	0.184851764735307	0.259	0.237	0.0141359023995709	c1	TLK1
4.30522182970496e-07	0.171285798351469	0.35	0.33	0.0144388529724645	c1	EIF4E
4.3593198075004e-07	0.204267168191762	0.208	0.187	0.0146202867703949	c1	RING1
4.38925275203813e-07	0.239066937960607	0.171	0.151	0.0147206758797855	c1	AGPAT2
4.52205706674408e-07	0.201050771374387	0.14	0.12	0.0151660749904463	c1	NPIPB5
4.83831266394402e-07	0.189285802658859	0.224	0.201	0.0162267330123355	c1	RETREG2
5.45807928936735e-07	1.0545254555002	0.011	0.006	0.0183053063206802	c1	ZACN
5.67978309495621e-07	0.36638137940014	0.073	0.059	0.0190488565438641	c1	ZNF101
5.7288443442746e-07	0.178397682752555	0.253	0.231	0.0192133981618281	c1	MXD4
5.93310877741439e-07	0.417823645565668	0.072	0.058	0.0198984602176924	c1	AUTS2
6.48112080794466e-07	0.358669356987443	0.089	0.074	0.0217363829656848	c1	ATXN7L1
6.53937625303458e-07	0.671003480520123	0.033	0.023	0.0219317600774274	c1	TRGV5
6.85898993395237e-07	0.246244334634739	0.146	0.127	0.0230036804404895	c1	RRBP1
7.85401825496701e-07	0.265688738944789	0.125	0.107	0.0263408064235084	c1	PWWP2A
7.99017707841502e-07	0.104001079421958	0.383	0.357	0.0267974558855883	c1	RBBP4
8.19296166459637e-07	0.12533159428548	0.366	0.343	0.0274775548307233	c1	SYT11
8.27090829731548e-07	0.246293173770304	0.15	0.131	0.0277389722475367	c1	HMGXB3
8.50816164020389e-07	1.00120345354786	0.015	0.009	0.0285346725089158	c1	PON3
8.54815796242378e-07	2.610805170045	0.002	0	0.0286688121743769	c1	TRGV11
8.64720160521178e-07	0.735840432311827	0.017	0.011	0.0290009847435593	c1	AGRN
9.02136266467381e-07	0.383670329429196	0.078	0.063	0.030255846104783	c1	KIF23
9.50651792435342e-07	0.253618674924607	0.156	0.136	0.0318829598146965	c1	GLIPR2
1.01228932536081e-06	0.203526007972841	0.162	0.142	0.033950159393951	c1	BCL2
1.02570051840071e-06	0.260853732156437	0.125	0.108	0.0343999439861229	c1	XAF1
1.03326214942893e-06	0.686053428997107	0.021	0.014	0.0346535459675476	c1	MPP1
1.08551554514141e-06	0.390160522829291	0.056	0.044	0.0364060203529527	c1	ESRRA
1.10405302038095e-06	0.71696065095693	0.019	0.012	0.0370277301975364	c1	CASTOR1
1.11333898599028e-06	0.193996235127654	0.196	0.174	0.0373391629121421	c1	FAM160B1
1.12137288275842e-06	0.134839068540407	0.405	0.384	0.0376086037419519	c1	GOLGA7
1.13119845314507e-06	0.165413763321765	0.265	0.244	0.0379381337215793	c1	C19orf24
1.14862815958686e-06	0.343955574927677	0.11	0.094	0.0385226912162243	c1	MNAT1
1.16169513554347e-06	0.16100406171367	0.272	0.25	0.0389609314558569	c1	INPP5K
1.22403317086984e-06	1.25575534064753	0.009	0.005	0.0410516244846326	c1	ADAMTS6
1.23258534190371e-06	0.611748199551373	0.028	0.019	0.0413384471967666	c1	TRBV7-3
1.35675395492711e-06	0.588403155531835	0.035	0.025	0.0455028141403455	c1	SLFN12
1.36288029004289e-06	0.939810950254094	0.011	0.006	0.0457082791674585	c1	MMP9
1.37271614837409e-06	0.251200662686516	0.23	0.212	0.0460381541841701	c1	CXorf40B
1.38010497976247e-06	0.224110924032497	0.222	0.201	0.0462859608112737	c1	SLC4A7
1.38573095868457e-06	0.186473787895997	0.239	0.218	0.0464746448923632	c1	SP140
1.40405317988543e-06	0.404506709259178	0.052	0.04	0.0470891355469975	c1	PER2
1.42283827027248e-06	0.484023630993678	0.03	0.021	0.0477191499083984	c1	AC243829.1
1.42324315125568e-06	0.368162856169183	0.058	0.045	0.0477327288068129	c1	SIDT1
1.45124373097365e-06	0.10360395908843	0.403	0.38	0.0486718122493943	c1	NFE2L2
1.47174067517879e-06	0.195535502834712	0.217	0.197	0.0493592387641462	c1	CHCHD7
1.48509282581653e-06	0.229344091183844	0.204	0.184	0.0498070431922348	c1	LY9
